Area Name,Last residence,Total migrants Persons,Total migrants Males,Total migrantsFemales,Work/employment Persons,Work/employment Males,Work/employment Females,Business Persons,Business Males,Business Females,Education Persons,Education Males,Education Females,Marriage Persons,Marriage Males,Marriage Females,Moved after birth Persons,Moved after birth Males,Moved after birth Females,Moved with householdPersons,Moved with household Males,Moved with household Females,Others Persons,Others Males,Others Females
andaman & nicobar islands,jammu & kashmir,146,63,83,6,6,0,0,0,0,1,0,1,7,0,7,1,0,1,121,48,73,10,9,1
andaman & nicobar islands,himachal pradesh,158,60,98,10,9,1,0,0,0,0,0,0,3,0,3,4,3,1,139,46,93,2,2,0
andaman & nicobar islands,punjab,630,336,294,89,83,6,14,12,2,2,2,0,68,5,63,7,7,0,360,159,201,90,68,22
andaman & nicobar islands,chandigargh,92,43,49,9,9,0,1,1,0,1,1,0,3,0,3,1,0,1,74,29,45,3,3,0
andaman & nicobar islands,uttranchal,314,160,154,63,57,6,8,8,0,1,0,1,37,0,37,0,0,0,146,58,88,59,37,22
andaman & nicobar islands,haryana,221,105,116,40,39,1,10,10,0,0,0,0,15,0,15,8,5,3,131,39,92,17,12,5
andaman & nicobar islands,nct of delhi,449,201,248,98,85,13,8,7,1,6,4,2,20,0,20,7,3,4,295,92,203,15,10,5
andaman & nicobar islands,rajasthan,308,160,148,77,71,6,16,16,0,7,3,4,33,1,32,10,4,6,137,48,89,28,17,11
andaman & nicobar islands,uttar pradesh,2434,1301,1133,698,674,24,114,108,6,32,27,5,474,3,471,37,23,14,765,261,504,314,205,109
andaman & nicobar islands,bihar,1299,759,540,458,446,12,57,55,2,7,6,1,198,1,197,22,14,8,418,141,277,139,96,43
andaman & nicobar islands,sikkim,25,12,13,5,5,0,0,0,0,0,0,0,3,0,3,1,1,0,12,3,9,4,3,1
andaman & nicobar islands,arunachal pradesh,16,8,8,4,4,0,0,0,0,1,1,0,2,0,2,1,0,1,7,2,5,1,1,0
andaman & nicobar islands,nagaland,15,9,6,5,4,1,0,0,0,2,2,0,0,0,0,0,0,0,7,2,5,1,1,0
andaman & nicobar islands,manipur,21,11,10,3,3,0,1,1,0,0,0,0,2,0,2,0,0,0,9,4,5,6,3,3
andaman & nicobar islands,mizoram,5,5,0,5,5,0,0,0,0,0,0,0,0,0,0,0,0,0,0,0,0,0,0,0
andaman & nicobar islands,tripura,41,18,23,7,7,0,0,0,0,1,1,0,7,0,7,0,0,0,19,8,11,7,2,5
andaman & nicobar islands,meghalaya,24,13,11,8,8,0,1,0,1,0,0,0,3,0,3,0,0,0,11,4,7,1,1,0
andaman & nicobar islands,assam,406,237,169,139,124,15,10,10,0,1,1,0,54,0,54,4,3,1,140,57,83,58,42,16
andaman & nicobar islands,west bengal,18461,11831,6630,6653,6437,216,743,728,15,70,57,13,1877,18,1859,209,113,96,5998,2397,3601,2911,2081,830
andaman & nicobar islands,jharkhand,9441,5362,4079,3982,3864,118,16,13,3,61,48,13,2081,14,2067,51,28,23,2103,628,1475,1147,767,380
andaman & nicobar islands,odisha,1297,855,442,580,566,14,11,8,3,5,4,1,110,1,109,7,3,4,437,164,273,147,109,38
andaman & nicobar islands,chhattisgarh,3121,1776,1345,1079,1050,29,6,6,0,13,11,2,530,4,526,23,14,9,958,339,619,512,352,160
andaman & nicobar islands,madhya pradesh,313,177,136,99,96,3,6,5,1,5,5,0,40,1,39,3,1,2,119,46,73,41,23,18
andaman & nicobar islands,gujarat,280,126,154,25,23,2,5,5,0,0,0,0,18,0,18,6,3,3,207,80,127,19,15,4
andaman & nicobar islands,daman & diu,20,9,11,3,3,0,0,0,0,0,0,0,1,0,1,0,0,0,16,6,10,0,0,0
andaman & nicobar islands,dadra & nagar haveli,0,0,0,0,0,0,0,0,0,0,0,0,0,0,0,0,0,0,0,0,0,0,0,0
andaman & nicobar islands,maharashtra,1436,598,838,166,155,11,15,13,2,6,4,2,40,2,38,14,11,3,1110,359,751,85,54,31
andaman & nicobar islands,andhra pradesh,14984,7985,6999,5553,5431,122,121,114,7,62,51,11,3314,21,3293,196,123,73,4071,1225,2846,1667,1020,647
andaman & nicobar islands,karnataka,492,243,249,120,103,17,10,9,1,9,3,6,47,2,45,15,8,7,243,90,153,48,28,20
andaman & nicobar islands,goa,269,105,164,23,17,6,0,0,0,1,0,1,2,1,1,0,0,0,238,83,155,5,4,1
andaman & nicobar islands,lakshadweep,28,22,6,17,16,1,1,1,0,2,2,0,0,0,0,0,0,0,8,3,5,0,0,0
andaman & nicobar islands,kerala,6203,3232,2971,2139,2018,121,208,201,7,29,11,18,1280,12,1268,156,77,79,1702,523,1179,689,390,299
andaman & nicobar islands,tamil nadu,21338,12135,9203,8494,8221,273,915,884,31,84,60,24,4921,74,4847,310,177,133,4263,1254,3009,2351,1465,886
andaman & nicobar islands,puducherry,93,51,42,37,35,2,2,2,0,1,0,1,11,0,11,2,1,1,32,9,23,8,4,4
andaman & nicobar islands,andaman & nicobar islands,0,0,0,0,0,0,0,0,0,0,0,0,0,0,0,0,0,0,0,0,0,0,0,0
andhra pradesh,jammu & kashmir,2232,1315,917,610,568,42,72,63,9,41,28,13,99,3,96,50,19,31,789,278,511,571,356,215
andhra pradesh,himachal pradesh,1096,590,506,277,261,16,21,15,6,30,12,18,80,0,80,24,16,8,342,103,239,322,183,139
andhra pradesh,punjab,7006,3982,3024,1341,1223,118,348,298,50,105,62,43,513,14,499,202,112,90,2220,824,1396,2277,1449,828
andhra pradesh,chandigargh,995,501,494,215,189,26,27,25,2,17,12,5,126,6,120,47,30,17,345,122,223,218,117,101
andhra pradesh,uttranchal,1464,847,617,398,373,25,23,20,3,18,13,5,113,4,109,28,18,10,451,148,303,433,271,162
andhra pradesh,haryana,4914,2734,2180,1044,974,70,315,284,31,66,47,19,515,15,500,177,106,71,1576,604,972,1221,704,517
andhra pradesh,nct of delhi,11350,6091,5259,2874,2564,310,479,405,74,178,102,76,740,34,706,332,194,138,4360,1535,2825,2387,1257,1130
andhra pradesh,rajasthan,42325,24556,17769,7135,6685,450,7499,6858,641,310,235,75,5117,76,5041,1899,1088,811,10989,4367,6622,9376,5247,4129
andhra pradesh,uttar pradesh,28542,16847,11695,8755,8173,582,1372,1237,135,344,239,105,2787,96,2691,846,470,376,8026,2894,5132,6412,3738,2674
andhra pradesh,bihar,29658,17118,12540,9840,9235,605,646,567,79,495,390,105,4198,92,4106,1069,582,487,7266,2725,4541,6144,3527,2617
andhra pradesh,sikkim,154,84,70,31,28,3,4,4,0,15,10,5,10,1,9,3,1,2,54,19,35,37,21,16
andhra pradesh,arunachal pradesh,502,262,240,71,63,8,7,5,2,12,11,1,87,4,83,32,19,13,91,37,54,202,123,79
andhra pradesh,nagaland,201,113,88,54,47,7,1,1,0,44,24,20,7,0,7,4,1,3,56,19,37,35,21,14
andhra pradesh,manipur,503,240,263,110,104,6,8,6,2,133,65,68,25,1,24,2,0,2,63,27,36,162,37,125
andhra pradesh,mizoram,52,33,19,10,9,1,0,0,0,15,12,3,2,0,2,1,1,0,12,5,7,12,6,6
andhra pradesh,tripura,219,116,103,70,63,7,2,2,0,3,3,0,21,1,20,2,0,2,81,26,55,40,21,19
andhra pradesh,meghalaya,563,270,293,134,112,22,13,11,2,17,9,8,92,5,87,27,14,13,179,63,116,101,56,45
andhra pradesh,assam,4020,2127,1893,885,804,81,107,93,14,97,63,34,463,10,453,150,81,69,1413,549,864,905,527,378
andhra pradesh,west bengal,29815,16071,13744,8176,7541,635,1203,1064,139,439,300,139,4411,97,4314,1218,671,547,7953,2923,5030,6415,3475,2940
andhra pradesh,jharkhand,4549,2598,1951,1440,1340,100,91,80,11,138,87,51,509,9,500,154,88,66,1464,548,916,753,446,307
andhra pradesh,odisha,105459,42835,62624,23935,19395,4540,1178,995,183,803,533,270,32667,701,31966,5470,3037,2433,22884,9093,13791,18522,9081,9441
andhra pradesh,chhattisgarh,9927,4460,5467,2789,2090,699,89,70,19,119,82,37,2178,73,2105,468,254,214,2764,1124,1640,1520,767,753
andhra pradesh,madhya pradesh,14822,7278,7544,3668,3156,512,386,325,61,180,110,70,2248,44,2204,716,392,324,4471,1637,2834,3153,1614,1539
andhra pradesh,gujarat,17529,9277,8252,2796,2521,275,2012,1732,280,187,118,69,2218,38,2180,656,358,298,5044,1950,3094,4616,2560,2056
andhra pradesh,daman & diu,32,15,17,9,7,2,1,1,0,2,0,2,3,1,2,0,0,0,7,0,7,10,6,4
andhra pradesh,dadra & nagar haveli,21,12,9,7,7,0,0,0,0,2,2,0,7,0,7,0,0,0,3,2,1,2,1,1
andhra pradesh,maharashtra,169182,61550,107632,29479,24171,5308,3685,3074,611,785,530,255,60523,1891,58632,5797,3238,2559,36512,14380,22132,32401,14266,18135
andhra pradesh,andhra pradesh,0,0,0,0,0,0,0,0,0,0,0,0,0,0,0,0,0,0,0,0,0,0,0,0
andhra pradesh,karnataka,289586,72701,216885,29640,25119,4521,4355,3557,798,1228,827,401,158598,4113,154485,14252,7884,6368,35016,13336,21680,46497,17865,28632
andhra pradesh,goa,1630,863,767,404,370,34,41,32,9,24,13,11,93,5,88,62,34,28,758,266,492,248,143,105
andhra pradesh,lakshadweep,24,16,8,11,10,1,0,0,0,1,0,1,4,0,4,2,2,0,4,2,2,2,2,0
andhra pradesh,kerala,42671,20964,21707,14626,10978,3648,1595,1408,187,1884,387,1497,4708,143,4565,1711,921,790,8576,2943,5633,9571,4184,5387
andhra pradesh,tamil nadu,206832,81560,125272,37454,31830,5624,8060,6810,1250,1762,736,1026,69146,2743,66403,10290,5671,4619,44608,17437,27171,35512,16333,19179
andhra pradesh,puducherry,2340,931,1409,395,341,54,36,27,9,28,14,14,713,16,697,248,145,103,504,188,316,416,200,216
andhra pradesh,andaman & nicobar islands,2538,1281,1257,348,325,23,22,18,4,39,16,23,240,13,227,86,50,36,933,330,603,870,529,341
arunachal pradesh,jammu & kashmir,847,767,80,657,654,3,9,8,1,2,1,1,5,1,4,8,3,5,89,42,47,77,58,19
arunachal pradesh,himachal pradesh,369,268,101,124,121,3,13,11,2,2,2,0,11,0,11,10,4,6,105,38,67,104,92,12
arunachal pradesh,punjab,670,478,192,220,214,6,31,28,3,2,1,1,29,1,28,13,9,4,145,51,94,230,174,56
arunachal pradesh,chandigargh,42,21,21,10,9,1,3,3,0,1,0,1,2,0,2,3,2,1,19,4,15,4,3,1
arunachal pradesh,uttranchal,1121,708,413,246,235,11,16,16,0,17,8,9,32,0,32,28,17,11,446,158,288,336,274,62
arunachal pradesh,haryana,678,434,244,195,176,19,53,53,0,6,4,2,49,1,48,15,11,4,187,69,118,173,120,53
arunachal pradesh,nct of delhi,295,190,105,112,98,14,17,16,1,7,5,2,12,0,12,5,2,3,84,30,54,58,39,19
arunachal pradesh,rajasthan,1726,1314,412,442,418,24,384,374,10,12,7,5,71,2,69,23,11,12,350,135,215,444,367,77
arunachal pradesh,uttar pradesh,7180,4397,2783,2044,1922,122,594,568,26,119,86,33,553,4,549,131,72,59,2354,806,1548,1385,939,446
arunachal pradesh,bihar,17558,11823,5735,5182,4995,187,2431,2348,83,176,147,29,1322,11,1311,289,158,131,5156,2022,3134,3002,2142,860
arunachal pradesh,sikkim,361,240,121,146,132,14,19,13,6,3,1,2,16,0,16,11,5,6,93,29,64,73,60,13
arunachal pradesh,arunachal pradesh,0,0,0,0,0,0,0,0,0,0,0,0,0,0,0,0,0,0,0,0,0,0,0,0
arunachal pradesh,nagaland,969,552,417,272,238,34,42,36,6,20,7,13,73,0,73,21,6,15,415,186,229,126,79,47
arunachal pradesh,manipur,1223,711,512,389,330,59,42,36,6,32,11,21,71,4,67,16,5,11,510,217,293,163,108,55
arunachal pradesh,mizoram,239,135,104,55,45,10,9,8,1,23,18,5,14,1,13,3,2,1,97,41,56,38,20,18
arunachal pradesh,tripura,955,551,404,277,256,21,121,120,1,29,6,23,96,0,96,18,8,10,264,64,200,150,97,53
arunachal pradesh,meghalaya,1414,781,633,573,460,113,32,28,4,18,8,10,112,2,110,20,7,13,446,148,298,213,128,85
arunachal pradesh,assam,83216,45901,37315,29392,24216,5176,3912,3628,284,440,258,182,10249,133,10116,1045,561,484,23942,8640,15302,14236,8465,5771
arunachal pradesh,west bengal,7734,4667,3067,3082,2643,439,629,580,49,52,28,24,674,7,667,151,89,62,1953,586,1367,1193,734,459
arunachal pradesh,jharkhand,2394,1972,422,1675,1584,91,26,26,0,9,8,1,67,2,65,13,9,4,289,100,189,315,243,72
arunachal pradesh,odisha,2312,1598,714,1351,1111,240,45,44,1,8,2,6,74,1,73,15,10,5,391,126,265,428,304,124
arunachal pradesh,chhattisgarh,167,101,66,91,64,27,2,2,0,2,1,1,8,0,8,0,0,0,39,17,22,25,17,8
arunachal pradesh,madhya pradesh,300,192,108,96,88,8,2,2,0,2,1,1,24,0,24,4,3,1,67,21,46,105,77,28
arunachal pradesh,gujarat,143,109,34,66,61,5,2,2,0,2,1,1,1,0,1,4,2,2,21,7,14,47,36,11
arunachal pradesh,daman & diu,1,1,0,1,1,0,0,0,0,0,0,0,0,0,0,0,0,0,0,0,0,0,0,0
arunachal pradesh,dadra & nagar haveli,0,0,0,0,0,0,0,0,0,0,0,0,0,0,0,0,0,0,0,0,0,0,0,0
arunachal pradesh,maharashtra,811,720,91,76,74,2,5,5,0,5,2,3,6,0,6,8,3,5,79,37,42,632,599,33
arunachal pradesh,andhra pradesh,512,301,211,190,170,20,8,8,0,8,4,4,43,0,43,6,4,2,147,44,103,110,71,39
arunachal pradesh,karnataka,216,165,51,62,55,7,2,2,0,7,7,0,4,0,4,3,2,1,31,12,19,107,87,20
arunachal pradesh,goa,21,15,6,5,3,2,0,0,0,0,0,0,1,0,1,0,0,0,6,3,3,9,9,0
arunachal pradesh,lakshadweep,0,0,0,0,0,0,0,0,0,0,0,0,0,0,0,0,0,0,0,0,0,0,0,0
arunachal pradesh,kerala,2117,1228,889,852,686,166,40,36,4,4,4,0,136,0,136,84,38,46,577,182,395,424,282,142
arunachal pradesh,tamil nadu,430,268,162,161,135,26,7,7,0,4,3,1,24,0,24,8,2,6,110,37,73,116,84,32
arunachal pradesh,puducherry,15,9,6,6,6,0,0,0,0,0,0,0,1,0,1,0,0,0,7,2,5,1,1,0
arunachal pradesh,andaman & nicobar islands,14,9,5,8,7,1,0,0,0,0,0,0,0,0,0,0,0,0,3,1,2,3,1,2
assam,jammu & kashmir,1298,872,426,301,295,6,18,18,0,16,9,7,39,1,38,20,14,6,395,129,266,509,406,103
assam,himachal pradesh,750,464,286,135,131,4,13,11,2,64,40,24,37,0,37,3,2,1,223,91,132,275,189,86
assam,punjab,5426,2944,2482,819,769,50,676,637,39,64,37,27,791,14,777,84,57,27,1877,732,1145,1115,698,417
assam,chandigargh,604,252,352,36,29,7,27,25,2,9,5,4,49,0,49,18,11,7,368,119,249,97,63,34
assam,uttranchal,1560,888,672,345,320,25,20,18,2,8,6,2,87,2,85,14,8,6,639,224,415,447,310,137
assam,haryana,4102,2205,1897,383,368,15,598,583,15,23,15,8,555,9,546,81,47,34,1485,561,924,977,622,355
assam,nct of delhi,2747,1392,1355,415,376,39,138,129,9,47,30,17,277,4,273,91,47,44,1173,428,745,606,378,228
assam,rajasthan,23210,13666,9544,2555,2478,77,5488,5350,138,136,106,30,4370,52,4318,559,329,230,5847,2618,3229,4255,2733,1522
assam,uttar pradesh,37791,21699,16092,6174,5918,256,5668,5452,216,235,160,75,6969,97,6872,477,314,163,10351,4415,5936,7917,5343,2574
assam,bihar,127397,85423,41974,23826,23126,700,30942,30171,771,629,541,88,19320,353,18967,1552,987,565,25564,12026,13538,25564,18219,7345
assam,sikkim,847,462,385,101,93,8,38,33,5,11,6,5,164,3,161,12,10,2,284,151,133,237,166,71
assam,arunachal pradesh,7619,3712,3907,798,714,84,182,158,24,583,347,236,1507,35,1472,133,75,58,2186,1016,1170,2230,1367,863
assam,nagaland,13476,7136,6340,1000,871,129,381,347,34,388,273,115,2016,68,1948,171,111,60,5207,2264,2943,4313,3202,1111
assam,manipur,6241,3200,3041,1109,980,129,264,236,28,521,337,184,1228,35,1193,39,24,15,1700,761,939,1380,827,553
assam,mizoram,1789,905,884,317,256,61,46,34,12,114,82,32,311,15,296,23,10,13,550,242,308,428,266,162
assam,tripura,29427,13389,16038,3256,3051,205,2833,2710,123,337,266,71,9532,238,9294,241,156,85,7748,3576,4172,5480,3392,2088
assam,meghalaya,23399,10138,13261,3223,2663,560,888,749,139,415,238,177,7915,1022,6893,372,208,164,5867,2714,3153,4719,2544,2175
assam,assam,0,0,0,0,0,0,0,0,0,0,0,0,0,0,0,0,0,0,0,0,0,0,0,0
assam,west bengal,81654,34949,46705,10108,9129,979,8221,7893,328,364,277,87,30012,520,29492,1525,898,627,16818,7677,9141,14606,8555,6051
assam,jharkhand,12128,6745,5383,3726,2867,859,464,436,28,77,51,26,2199,81,2118,75,54,21,2890,1445,1445,2697,1811,886
assam,odisha,5838,3410,2428,1985,1714,271,222,201,21,47,38,9,849,35,814,49,28,21,1431,610,821,1255,784,471
assam,chhattisgarh,1431,802,629,506,407,99,35,33,2,11,2,9,258,5,253,24,16,8,331,154,177,266,185,81
assam,madhya pradesh,2782,1554,1228,648,557,91,117,111,6,30,18,12,399,13,386,36,18,18,800,321,479,752,516,236
assam,gujarat,1457,700,757,203,192,11,72,65,7,12,7,5,131,6,125,40,21,19,732,239,493,267,170,97
assam,daman & diu,0,0,0,0,0,0,0,0,0,0,0,0,0,0,0,0,0,0,0,0,0,0,0,0
assam,dadra & nagar haveli,8,4,4,2,2,0,0,0,0,0,0,0,0,0,0,0,0,0,5,1,4,1,1,0
assam,maharashtra,2597,1268,1329,365,327,38,81,79,2,31,21,10,235,3,232,59,36,23,1092,389,703,734,413,321
assam,andhra pradesh,5701,2958,2743,1609,1500,109,180,152,28,24,19,5,1164,17,1147,84,38,46,1600,607,993,1040,625,415
assam,karnataka,1274,633,641,185,152,33,30,27,3,6,5,1,91,1,90,37,17,20,595,211,384,330,220,110
assam,goa,71,33,38,7,7,0,4,3,1,1,0,1,8,1,7,0,0,0,26,10,16,25,12,13
assam,lakshadweep,1,0,1,0,0,0,1,0,1,0,0,0,0,0,0,0,0,0,0,0,0,0,0,0
assam,kerala,2498,1279,1219,769,559,210,82,78,4,57,38,19,182,5,177,42,26,16,674,201,473,692,372,320
assam,tamil nadu,1910,1046,864,457,411,46,82,75,7,13,9,4,177,3,174,41,19,22,648,207,441,492,322,170
assam,puducherry,50,27,23,6,6,0,1,1,0,1,1,0,7,0,7,0,0,0,7,3,4,28,16,12
assam,andaman & nicobar islands,58,34,24,13,12,1,1,1,0,2,2,0,5,0,5,1,1,0,25,9,16,11,9,2
bihar,jammu & kashmir,45237,5323,39914,1081,961,120,79,43,36,263,206,57,36007,396,35611,247,158,89,2564,1058,1506,4996,2501,2495
bihar,himachal pradesh,1536,324,1212,112,104,8,3,3,0,24,19,5,1054,14,1040,14,10,4,122,49,73,207,125,82
bihar,punjab,14612,5759,8853,1570,1498,72,134,121,13,152,124,28,7000,87,6913,147,99,48,1796,687,1109,3813,3143,670
bihar,chandigargh,1452,343,1109,103,92,11,19,11,8,10,6,4,909,9,900,18,11,7,155,57,98,238,157,81
bihar,uttranchal,64492,8551,55941,2309,2045,264,139,91,48,376,334,42,48979,507,48472,269,151,118,4052,1557,2495,8368,3866,4502
bihar,haryana,21389,3676,17713,1221,1115,106,154,135,19,165,139,26,15410,129,15281,138,72,66,1810,696,1114,2491,1390,1101
bihar,nct of delhi,8802,5928,2874,1810,1738,72,78,66,12,102,80,22,1558,32,1526,189,100,89,1366,593,773,3699,3319,380
bihar,rajasthan,21609,5710,15899,1757,1604,153,677,617,60,112,76,36,12355,109,12246,234,158,76,2964,1153,1811,3510,1993,1517
bihar,uttar pradesh,437060,46423,390637,16083,13803,2280,1491,1043,448,1457,1084,373,344941,2831,342110,1913,1109,804,25602,9032,16570,45573,17521,28052
bihar,bihar,0,0,0,0,0,0,0,0,0,0,0,0,0,0,0,0,0,0,0,0,0,0,0,0
bihar,sikkim,686,109,577,26,23,3,4,4,0,5,2,3,497,5,492,13,8,5,61,26,35,80,41,39
bihar,arunachal pradesh,2604,349,2255,75,65,10,11,7,4,21,17,4,1954,16,1938,15,7,8,155,51,104,373,186,187
bihar,nagaland,103641,10213,93428,1836,1456,380,167,93,74,439,371,68,84012,636,83376,263,166,97,4111,1597,2514,12813,5894,6919
bihar,manipur,565,163,402,43,35,8,16,14,2,23,17,6,303,6,297,10,8,2,98,43,55,72,40,32
bihar,mizoram,361,137,224,61,57,4,3,3,0,14,11,3,163,1,162,5,2,3,55,18,37,60,45,15
bihar,tripura,700,257,443,80,77,3,3,2,1,15,12,3,295,5,290,10,7,3,145,56,89,152,98,54
bihar,meghalaya,403,138,265,43,40,3,3,3,0,23,21,2,185,1,184,6,5,1,96,35,61,47,33,14
bihar,assam,139988,13745,126243,2507,1831,676,254,148,106,405,333,72,112613,793,111820,330,172,158,5075,1651,3424,18804,8817,9987
bihar,west bengal,129655,27492,102163,11627,9921,1706,737,554,183,707,543,164,84415,791,83624,1679,1015,664,15670,6564,9106,14820,8104,6716
bihar,jharkhand,340262,54256,286006,24355,19397,4958,987,596,391,3314,2284,1030,238261,2260,236001,2688,1581,1107,32580,12766,19814,38077,15372,22705
bihar,odisha,42955,6036,36919,1620,1417,203,124,82,42,401,348,53,32340,302,32038,201,125,76,2570,948,1622,5699,2814,2885
bihar,chhattisgarh,93113,9632,83481,1257,847,410,131,41,90,246,177,69,72390,615,71775,269,161,108,3102,913,2189,15718,6878,8840
bihar,madhya pradesh,5981,1550,4431,600,511,89,61,47,14,74,53,21,3338,32,3306,72,41,31,967,369,598,869,497,372
bihar,gujarat,68080,7174,60906,1598,1254,344,167,112,55,272,198,74,53247,558,52689,278,151,127,3300,1108,2192,9218,3793,5425
bihar,daman & diu,454,269,185,70,68,2,3,3,0,5,5,0,123,2,121,9,3,6,45,19,26,199,169,30
bihar,dadra & nagar haveli,84,32,52,13,12,1,0,0,0,0,0,0,46,0,46,1,1,0,3,0,3,21,19,2
bihar,maharashtra,39964,5784,34180,1819,1578,241,92,75,17,321,256,65,29913,220,29693,188,99,89,2679,995,1684,4952,2561,2391
bihar,andhra pradesh,18020,1736,16284,725,614,111,56,37,19,135,95,40,14392,113,14279,80,49,31,1153,405,748,1479,423,1056
bihar,karnataka,9580,1775,7805,284,226,58,21,15,6,70,30,40,6319,56,6263,38,21,17,789,321,468,2059,1106,953
bihar,goa,143,61,82,16,13,3,3,1,2,2,2,0,43,1,42,5,3,2,30,12,18,44,29,15
bihar,lakshadweep,82,15,67,4,4,0,0,0,0,0,0,0,58,0,58,1,0,1,7,4,3,12,7,5
bihar,kerala,2435,807,1628,859,420,439,13,11,2,249,24,225,501,9,492,22,14,8,405,143,262,386,186,200
bihar,tamil nadu,2638,747,1891,356,272,84,22,17,5,74,42,32,1328,15,1313,26,12,14,410,156,254,422,233,189
bihar,puducherry,276,131,145,53,51,2,2,2,0,11,3,8,71,0,71,1,0,1,78,30,48,60,45,15
bihar,andaman & nicobar islands,172,61,111,13,11,2,1,1,0,3,1,2,78,0,78,9,6,3,31,14,17,37,28,9
chandigarh,jammu & kashmir,6261,3384,2877,1815,1676,139,120,103,17,417,197,220,594,9,585,161,96,65,2403,842,1561,751,461,290
chandigarh,himachal pradesh,53211,31087,22124,19143,18133,1010,699,609,90,3254,2309,945,7480,71,7409,2751,1586,1165,15051,5544,9507,4833,2835,1998
chandigarh,punjab,149718,73137,76581,38664,33914,4750,3267,2884,383,6126,3711,2415,29168,288,28880,9552,5504,4048,47583,18270,29313,15358,8566,6792
chandigarh,chandigargh,0,0,0,0,0,0,0,0,0,0,0,0,0,0,0,0,0,0,0,0,0,0,0,0
chandigarh,uttranchal,26496,15252,11244,10335,9931,404,212,185,27,675,438,237,3811,30,3781,939,566,373,7866,2541,5325,2658,1561,1097
chandigarh,haryana,85231,43181,42050,23189,21203,1986,1875,1676,199,2593,1730,863,16253,146,16107,5594,3264,2330,27796,10617,17179,7931,4545,3386
chandigarh,nct of delhi,19789,9598,10191,4834,4263,571,561,473,88,557,370,187,3232,37,3195,869,488,381,7721,2847,4874,2015,1120,895
chandigarh,rajasthan,8694,4610,4084,2449,2249,200,193,173,20,261,182,79,1138,13,1125,359,223,136,3501,1257,2244,793,513,280
chandigarh,uttar pradesh,134260,82746,51514,57572,55133,2439,1625,1479,146,1098,768,330,17171,264,16907,5488,3121,2367,37127,12657,24470,14179,9324,4855
chandigarh,bihar,30948,22861,8087,17835,17486,349,261,245,16,252,217,35,2209,29,2180,874,492,382,6510,2228,4282,3007,2164,843
chandigarh,sikkim,74,48,26,22,21,1,1,1,0,8,6,2,3,1,2,0,0,0,34,14,20,6,5,1
chandigarh,arunachal pradesh,74,40,34,14,14,0,0,0,0,4,2,2,5,1,4,2,2,0,37,16,21,12,5,7
chandigarh,nagaland,113,56,57,32,29,3,2,2,0,12,6,6,10,0,10,0,0,0,46,13,33,11,6,5
chandigarh,manipur,631,438,193,47,42,5,22,17,5,403,301,102,12,0,12,5,1,4,105,54,51,37,23,14
chandigarh,mizoram,85,52,33,25,25,0,0,0,0,16,7,9,0,0,0,2,1,1,35,15,20,7,4,3
chandigarh,tripura,78,51,27,27,25,2,0,0,0,15,13,2,8,0,8,0,0,0,22,9,13,6,4,2
chandigarh,meghalaya,238,119,119,41,35,6,2,1,1,6,5,1,11,0,11,3,1,2,148,60,88,27,17,10
chandigarh,assam,2261,1115,1146,501,460,41,37,28,9,67,48,19,103,1,102,50,28,22,1325,442,883,178,108,70
chandigarh,west bengal,9639,6078,3561,4354,4128,226,141,129,12,118,74,44,1004,21,983,335,206,129,2740,901,1839,947,619,328
chandigarh,jharkhand,2772,1707,1065,1323,1183,140,33,26,7,117,63,54,275,3,272,66,33,33,698,245,453,260,154,106
chandigarh,odisha,1548,885,663,662,609,53,33,29,4,37,27,10,194,4,190,41,25,16,452,117,335,129,74,55
chandigarh,chhattisgarh,2618,1385,1233,1236,842,394,21,18,3,31,15,16,140,5,135,90,47,43,877,344,533,223,114,109
chandigarh,madhya pradesh,3135,1596,1539,905,780,125,59,50,9,77,37,40,354,6,348,125,68,57,1308,478,830,307,177,130
chandigarh,gujarat,2574,1270,1304,663,587,76,26,21,5,75,62,13,252,2,250,81,43,38,1280,444,836,197,111,86
chandigarh,daman & diu,7,4,3,1,1,0,0,0,0,0,0,0,0,0,0,0,0,0,5,2,3,1,1,0
chandigarh,dadra & nagar haveli,8,3,5,2,2,0,0,0,0,0,0,0,3,0,3,0,0,0,2,0,2,1,1,0
chandigarh,maharashtra,4408,2213,2195,1034,921,113,100,87,13,75,45,30,419,8,411,167,94,73,2154,792,1362,459,266,193
chandigarh,andhra pradesh,1593,835,758,421,373,48,10,8,2,47,32,15,87,2,85,67,44,23,821,293,528,140,83,57
chandigarh,karnataka,2406,1328,1078,763,707,56,40,30,10,45,32,13,146,3,143,64,37,27,1164,393,771,184,126,58
chandigarh,goa,105,58,47,30,29,1,0,0,0,4,3,1,8,0,8,2,1,1,36,10,26,25,15,10
chandigarh,lakshadweep,0,0,0,0,0,0,0,0,0,0,0,0,0,0,0,0,0,0,0,0,0,0,0,0
chandigarh,kerala,1525,748,777,523,435,88,19,16,3,68,20,48,174,2,172,129,74,55,483,138,345,129,63,66
chandigarh,tamil nadu,3826,1881,1945,1411,1165,246,20,16,4,30,19,11,507,18,489,117,62,55,1369,389,980,372,212,160
chandigarh,puducherry,65,35,30,19,17,2,0,0,0,7,6,1,8,0,8,7,4,3,19,7,12,5,1,4
chandigarh,andaman & nicobar islands,83,34,49,13,11,2,0,0,0,0,0,0,0,0,0,0,0,0,65,19,46,5,4,1
chhattisgarh,jammu & kashmir,9014,3278,5736,1949,1544,405,24,15,9,34,24,10,3374,51,3323,228,135,93,2422,956,1466,983,553,430
chhattisgarh,himachal pradesh,1311,620,691,379,358,21,14,14,0,13,11,2,328,4,324,39,22,17,390,135,255,148,76,72
chhattisgarh,punjab,15621,8431,7190,4632,4415,217,493,454,39,50,37,13,2961,40,2921,522,329,193,5112,2078,3034,1851,1078,773
chhattisgarh,chandigargh,1890,866,1024,173,151,22,9,7,2,14,8,6,501,15,486,33,20,13,308,134,174,852,531,321
chhattisgarh,uttranchal,2391,1242,1149,730,679,51,24,22,2,31,22,9,472,7,465,60,42,18,789,296,493,285,174,111
chhattisgarh,haryana,9952,5650,4302,2490,2361,129,831,789,42,65,54,11,1570,17,1553,262,162,100,3629,1525,2104,1105,742,363
chhattisgarh,nct of delhi,4885,2477,2408,951,862,89,115,103,12,57,43,14,769,11,758,248,143,105,1952,839,1113,793,476,317
chhattisgarh,rajasthan,17867,9489,8378,4068,3840,228,1400,1328,72,134,107,27,3930,52,3878,693,464,229,5535,2352,3183,2107,1346,761
chhattisgarh,uttar pradesh,121833,63296,58537,35918,34200,1718,2319,2136,183,1253,1057,196,27560,605,26955,3292,1991,1301,37741,14923,22818,13750,8384,5366
chhattisgarh,bihar,85669,47681,37988,28756,27763,993,1340,1238,102,769,631,138,14328,187,14141,2586,1524,1062,29269,11034,18235,8621,5304,3317
chhattisgarh,sikkim,47,27,20,10,9,1,0,0,0,6,5,1,8,0,8,0,0,0,15,5,10,8,8,0
chhattisgarh,arunachal pradesh,82,48,34,22,21,1,1,1,0,7,1,6,5,0,5,2,1,1,32,13,19,13,11,2
chhattisgarh,nagaland,85,40,45,16,15,1,1,1,0,7,4,3,9,1,8,1,0,1,31,12,19,20,7,13
chhattisgarh,manipur,127,71,56,33,32,1,2,2,0,11,8,3,27,0,27,4,4,0,28,14,14,22,11,11
chhattisgarh,mizoram,10,3,7,3,2,1,0,0,0,0,0,0,2,0,2,0,0,0,2,1,1,3,0,3
chhattisgarh,tripura,243,127,116,85,82,3,1,1,0,4,3,1,39,0,39,2,0,2,81,26,55,31,15,16
chhattisgarh,meghalaya,91,52,39,25,24,1,1,1,0,6,3,3,15,1,14,4,1,3,30,17,13,10,5,5
chhattisgarh,assam,5135,2404,2731,999,882,117,49,44,5,67,47,20,1340,15,1325,180,97,83,1791,887,904,709,432,277
chhattisgarh,west bengal,45592,23381,22211,13210,12377,833,687,641,46,306,228,78,9246,112,9134,1744,1019,725,14842,5666,9176,5557,3338,2219
chhattisgarh,jharkhand,81594,33552,48042,16762,15128,1634,1076,966,110,1160,805,355,28575,1099,27476,1626,934,692,23896,9834,14062,8499,4786,3713
chhattisgarh,odisha,172371,55307,117064,34624,29267,5357,836,696,140,441,309,132,80998,1664,79334,3135,1848,1287,36365,13507,22858,15972,8016,7956
chhattisgarh,chhattisgarh,0,0,0,0,0,0,0,0,0,0,0,0,0,0,0,0,0,0,0,0,0,0,0,0
chhattisgarh,madhya pradesh,203325,90049,113276,48300,44033,4267,1600,1365,235,3427,2694,733,59971,1346,58625,6014,3505,2509,62652,25162,37490,21361,11944,9417
chhattisgarh,gujarat,11007,5383,5624,2194,1989,205,591,546,45,40,30,10,2420,21,2399,487,305,182,3812,1601,2211,1463,891,572
chhattisgarh,daman & diu,8,5,3,2,2,0,0,0,0,0,0,0,0,0,0,0,0,0,5,3,2,1,0,1
chhattisgarh,dadra & nagar haveli,38,20,18,10,8,2,2,1,1,0,0,0,10,0,10,1,1,0,9,6,3,6,4,2
chhattisgarh,maharashtra,87727,34298,53429,18432,16292,2140,853,741,112,474,339,135,31112,486,30626,4457,2586,1871,22046,8568,13478,10353,5286,5067
chhattisgarh,andhra pradesh,37685,17665,20020,11130,10391,739,299,240,59,134,90,44,9330,95,9235,2215,1282,933,10371,3491,6880,4206,2076,2130
chhattisgarh,karnataka,2783,1282,1501,694,624,70,33,27,6,45,31,14,687,12,675,98,65,33,916,371,545,310,152,158
chhattisgarh,goa,154,73,81,27,17,10,0,0,0,0,0,0,11,0,11,4,3,1,26,10,16,86,43,43
chhattisgarh,lakshadweep,11,11,0,10,10,0,0,0,0,1,1,0,0,0,0,0,0,0,0,0,0,0,0,0
chhattisgarh,kerala,12067,6034,6033,4702,4007,695,131,117,14,205,128,77,2375,27,2348,687,374,313,2580,765,1815,1387,616,771
chhattisgarh,tamil nadu,5565,2943,2622,1865,1692,173,148,130,18,31,24,7,1016,11,1005,305,165,140,1570,595,975,630,326,304
chhattisgarh,puducherry,61,27,34,17,17,0,0,0,0,0,0,0,12,0,12,7,4,3,15,2,13,10,4,6
chhattisgarh,andaman & nicobar islands,174,81,93,31,25,6,1,1,0,10,4,6,25,1,24,2,1,1,68,26,42,37,23,14
dadra & nagar haveli,jammu & kashmir,34,28,6,22,22,0,1,1,0,0,0,0,1,0,1,1,0,1,7,4,3,2,1,1
dadra & nagar haveli,himachal pradesh,77,57,20,45,44,1,8,8,0,0,0,0,5,0,5,0,0,0,16,2,14,3,3,0
dadra & nagar haveli,punjab,153,126,27,96,96,0,5,5,0,1,1,0,6,0,6,3,2,1,27,10,17,15,12,3
dadra & nagar haveli,chandigargh,14,7,7,2,2,0,1,1,0,0,0,0,0,0,0,0,0,0,10,4,6,1,0,1
dadra & nagar haveli,uttranchal,591,453,138,392,385,7,13,13,0,0,0,0,25,0,25,6,1,5,128,41,87,27,13,14
dadra & nagar haveli,haryana,264,180,84,123,121,2,15,15,0,2,1,1,17,0,17,6,3,3,74,23,51,27,17,10
dadra & nagar haveli,nct of delhi,236,170,66,127,126,1,10,9,1,1,1,0,7,0,7,5,3,2,73,22,51,13,9,4
dadra & nagar haveli,rajasthan,3428,2419,1009,1497,1446,51,436,418,18,23,15,8,190,4,186,105,52,53,867,304,563,310,180,130
dadra & nagar haveli,uttar pradesh,11314,8577,2737,6404,6271,133,916,871,45,13,12,1,678,8,670,205,103,102,2329,808,1521,769,504,265
dadra & nagar haveli,bihar,7695,6305,1390,5332,5272,60,285,277,8,13,8,5,335,4,331,99,51,48,1259,437,822,372,256,116
dadra & nagar haveli,sikkim,1,0,1,0,0,0,0,0,0,0,0,0,0,0,0,0,0,0,1,0,1,0,0,0
dadra & nagar haveli,arunachal pradesh,1,1,0,1,1,0,0,0,0,0,0,0,0,0,0,0,0,0,0,0,0,0,0,0
dadra & nagar haveli,nagaland,9,6,3,5,4,1,3,2,1,0,0,0,0,0,0,0,0,0,1,0,1,0,0,0
dadra & nagar haveli,manipur,11,10,1,9,9,0,0,0,0,0,0,0,1,0,1,0,0,0,0,0,0,1,1,0
dadra & nagar haveli,mizoram,2,1,1,0,0,0,0,0,0,0,0,0,0,0,0,0,0,0,2,1,1,0,0,0
dadra & nagar haveli,tripura,3,3,0,2,2,0,1,1,0,0,0,0,0,0,0,0,0,0,0,0,0,0,0,0
dadra & nagar haveli,meghalaya,2,1,1,0,0,0,0,0,0,0,0,0,0,0,0,1,0,1,1,1,0,0,0,0
dadra & nagar haveli,assam,187,166,21,148,145,3,6,5,1,0,0,0,6,0,6,2,2,0,14,6,8,11,8,3
dadra & nagar haveli,west bengal,1215,964,251,848,834,14,33,33,0,1,1,0,75,0,75,15,5,10,194,58,136,49,33,16
dadra & nagar haveli,jharkhand,1101,950,151,862,835,27,29,28,1,1,1,0,35,2,33,15,7,8,104,32,72,55,45,10
dadra & nagar haveli,odisha,1928,1676,252,1511,1481,30,76,71,5,4,3,1,66,5,61,14,7,7,162,47,115,95,62,33
dadra & nagar haveli,chhattisgarh,381,225,156,222,169,53,8,6,2,0,0,0,9,0,9,0,0,0,125,43,82,17,7,10
dadra & nagar haveli,madhya pradesh,1312,870,442,700,626,74,55,44,11,5,2,3,61,1,60,20,13,7,358,120,238,113,64,49
dadra & nagar haveli,gujarat,18671,7277,11394,3416,2980,436,1079,911,168,82,60,22,6803,340,6463,722,419,303,4177,1560,2617,2392,1007,1385
dadra & nagar haveli,daman & diu,664,338,326,214,204,10,26,22,4,0,0,0,195,6,189,39,24,15,118,42,76,72,40,32
dadra & nagar haveli,dadra & nagar haveli,0,0,0,0,0,0,0,0,0,0,0,0,0,0,0,0,0,0,0,0,0,0,0,0
dadra & nagar haveli,maharashtra,14640,8015,6625,5225,4903,322,810,707,103,18,13,5,2786,97,2689,496,280,216,4139,1441,2698,1166,574,592
dadra & nagar haveli,andhra pradesh,548,349,199,270,259,11,14,13,1,4,3,1,39,0,39,20,9,11,161,41,120,40,24,16
dadra & nagar haveli,karnataka,776,504,272,376,338,38,41,36,5,2,1,1,55,1,54,40,25,15,185,60,125,77,43,34
dadra & nagar haveli,goa,92,49,43,28,24,4,3,2,1,0,0,0,7,1,6,6,1,5,14,3,11,34,18,16
dadra & nagar haveli,lakshadweep,36,36,0,2,2,0,0,0,0,0,0,0,0,0,0,0,0,0,0,0,0,34,34,0
dadra & nagar haveli,kerala,1368,902,466,681,645,36,75,72,3,3,3,0,125,3,122,58,25,33,312,84,228,114,70,44
dadra & nagar haveli,tamil nadu,545,360,185,264,254,10,42,40,2,0,0,0,37,0,37,14,8,6,150,42,108,38,16,22
dadra & nagar haveli,puducherry,20,13,7,9,6,3,2,1,1,0,0,0,0,0,0,1,1,0,6,3,3,2,2,0
dadra & nagar haveli,andaman & nicobar islands,9,7,2,3,3,0,0,0,0,0,0,0,1,0,1,0,0,0,3,2,1,2,2,0
daman & diu,jammu & kashmir,38,33,5,30,30,0,0,0,0,0,0,0,1,0,1,0,0,0,5,2,3,2,1,1
daman & diu,himachal pradesh,83,52,31,35,35,0,3,2,1,0,0,0,8,1,7,1,0,1,34,12,22,2,2,0
daman & diu,punjab,113,83,30,65,62,3,3,3,0,0,0,0,4,0,4,0,0,0,37,15,22,4,3,1
daman & diu,chandigargh,34,23,11,16,15,1,0,0,0,0,0,0,0,0,0,1,0,1,17,8,9,0,0,0
daman & diu,uttranchal,322,277,45,211,208,3,29,29,0,0,0,0,6,0,6,4,2,2,61,30,31,11,8,3
daman & diu,haryana,151,101,50,73,72,1,9,9,0,0,0,0,5,0,5,6,1,5,53,15,38,5,4,1
daman & diu,nct of delhi,208,130,78,99,90,9,11,11,0,1,1,0,1,0,1,8,4,4,79,22,57,9,2,7
daman & diu,rajasthan,2563,1878,685,1257,1230,27,294,280,14,28,27,1,103,0,103,67,36,31,674,225,449,140,80,60
daman & diu,uttar pradesh,10193,8534,1659,7214,7100,114,508,489,19,13,12,1,252,2,250,138,80,58,1587,514,1073,481,337,144
daman & diu,bihar,8962,8051,911,7434,7355,79,153,150,3,6,3,3,143,3,140,47,22,25,888,291,597,291,227,64
daman & diu,sikkim,5,3,2,2,2,0,0,0,0,0,0,0,0,0,0,0,0,0,3,1,2,0,0,0
daman & diu,arunachal pradesh,3,2,1,2,2,0,0,0,0,0,0,0,0,0,0,0,0,0,1,0,1,0,0,0
daman & diu,nagaland,10,7,3,3,3,0,1,1,0,0,0,0,1,0,1,0,0,0,4,2,2,1,1,0
daman & diu,manipur,9,9,0,9,9,0,0,0,0,0,0,0,0,0,0,0,0,0,0,0,0,0,0,0
daman & diu,mizoram,0,0,0,0,0,0,0,0,0,0,0,0,0,0,0,0,0,0,0,0,0,0,0,0
daman & diu,tripura,5,4,1,3,3,0,0,0,0,0,0,0,0,0,0,0,0,0,2,1,1,0,0,0
daman & diu,meghalaya,0,0,0,0,0,0,0,0,0,0,0,0,0,0,0,0,0,0,0,0,0,0,0,0
daman & diu,assam,283,266,17,257,254,3,4,3,1,0,0,0,3,0,3,0,0,0,13,5,8,6,4,2
daman & diu,west bengal,1790,1569,221,1434,1411,23,49,49,0,1,1,0,31,0,31,6,3,3,196,49,147,73,56,17
daman & diu,jharkhand,1337,1224,113,1172,1152,20,24,24,0,1,0,1,13,0,13,9,6,3,87,18,69,31,24,7
daman & diu,odisha,2073,1850,223,1774,1731,43,25,25,0,0,0,0,25,1,24,17,9,8,184,46,138,48,38,10
daman & diu,chhattisgarh,457,324,133,281,247,34,37,26,11,0,0,0,6,0,6,2,2,0,113,36,77,18,13,5
daman & diu,madhya pradesh,1483,1122,361,982,912,70,47,38,9,2,2,0,30,2,28,15,8,7,328,106,222,79,54,25
daman & diu,gujarat,17564,7382,10182,3443,2973,470,985,853,132,154,109,45,5560,107,5453,1965,1124,841,3879,1506,2373,1578,710,868
daman & diu,daman & diu,0,0,0,0,0,0,0,0,0,0,0,0,0,0,0,0,0,0,0,0,0,0,0,0
daman & diu,dadra & nagar haveli,676,359,317,269,227,42,23,21,2,1,0,1,124,3,121,26,12,14,148,52,96,85,44,41
daman & diu,maharashtra,10450,6631,3819,4738,4481,257,410,372,38,36,23,13,986,7,979,438,253,185,3070,1021,2049,772,474,298
daman & diu,andhra pradesh,255,171,84,114,109,5,19,18,1,0,0,0,8,1,7,7,2,5,86,24,62,21,17,4
daman & diu,karnataka,540,353,187,264,249,15,15,15,0,2,2,0,28,0,28,17,11,6,186,59,127,28,17,11
daman & diu,goa,427,247,180,140,133,7,23,16,7,8,8,0,50,3,47,18,11,7,165,65,100,23,11,12
daman & diu,lakshadweep,1,1,0,1,1,0,0,0,0,0,0,0,0,0,0,0,0,0,0,0,0,0,0,0
daman & diu,kerala,841,607,234,536,489,47,40,40,0,1,1,0,55,0,55,23,16,7,158,43,115,28,18,10
daman & diu,tamil nadu,363,249,114,184,181,3,19,18,1,0,0,0,18,0,18,10,7,3,122,34,88,10,9,1
daman & diu,puducherry,2,1,1,1,1,0,0,0,0,0,0,0,1,0,1,0,0,0,0,0,0,0,0,0
daman & diu,andaman & nicobar islands,31,15,16,8,8,0,0,0,0,0,0,0,0,0,0,0,0,0,22,7,15,1,0,1
goa,jammu & kashmir,881,655,226,304,296,8,194,188,6,5,5,0,44,2,42,23,13,10,203,70,133,108,81,27
goa,himachal pradesh,324,171,153,86,74,12,6,2,4,28,21,7,20,0,20,12,7,5,126,43,83,46,24,22
goa,punjab,678,390,288,236,225,11,14,11,3,21,16,5,61,0,61,35,17,18,246,80,166,65,41,24
goa,chandigargh,174,81,93,49,41,8,5,2,3,4,2,2,16,0,16,11,6,5,71,19,52,18,11,7
goa,uttranchal,422,247,175,153,145,8,18,16,2,15,13,2,28,0,28,18,9,9,151,43,108,39,21,18
goa,haryana,699,344,355,150,140,10,17,17,0,22,17,5,51,0,51,21,12,9,347,107,240,91,51,40
goa,nct of delhi,1687,924,763,429,394,35,65,54,11,69,50,19,126,2,124,70,37,33,751,278,473,177,109,68
goa,rajasthan,2550,1658,892,919,877,42,225,213,12,29,21,8,225,3,222,143,80,63,731,283,448,278,181,97
goa,uttar pradesh,11532,8080,3452,5325,5202,123,430,416,14,75,55,20,1034,7,1027,614,359,255,2599,1010,1589,1455,1031,424
goa,bihar,4066,2938,1128,2275,2127,148,60,58,2,38,31,7,223,3,220,130,60,70,842,316,526,498,343,155
goa,sikkim,15,12,3,8,7,1,0,0,0,0,0,0,1,0,1,0,0,0,2,1,1,4,4,0
goa,arunachal pradesh,23,15,8,11,10,1,0,0,0,1,1,0,3,0,3,0,0,0,7,3,4,1,1,0
goa,nagaland,34,27,7,12,12,0,0,0,0,8,8,0,1,0,1,2,2,0,10,4,6,1,1,0
goa,manipur,68,44,24,32,29,3,1,1,0,2,1,1,7,0,7,0,0,0,14,3,11,12,10,2
goa,mizoram,9,7,2,4,4,0,0,0,0,1,1,0,1,0,1,0,0,0,3,2,1,0,0,0
goa,tripura,25,14,11,8,8,0,0,0,0,0,0,0,3,0,3,1,1,0,11,3,8,2,2,0
goa,meghalaya,44,25,19,8,7,1,0,0,0,7,5,2,4,0,4,6,4,2,17,7,10,2,2,0
goa,assam,449,278,171,180,172,8,7,7,0,1,1,0,42,0,42,32,21,11,135,46,89,52,31,21
goa,west bengal,3272,2240,1032,1697,1628,69,95,86,9,17,12,5,281,1,280,117,58,59,742,253,489,323,202,121
goa,jharkhand,1444,1072,372,886,796,90,8,8,0,24,20,4,62,0,62,33,21,12,261,98,163,170,129,41
goa,odisha,2148,1597,551,1406,1305,101,7,6,1,18,7,11,81,0,81,48,24,24,396,121,275,192,134,58
goa,chhattisgarh,394,217,177,174,137,37,1,1,0,16,8,8,20,0,20,11,6,5,138,45,93,34,20,14
goa,madhya pradesh,1579,857,722,595,480,115,23,22,1,23,15,8,150,4,146,79,45,34,489,189,300,220,102,118
goa,gujarat,3041,1589,1452,676,612,64,209,187,22,22,16,6,408,3,405,242,138,104,1067,402,665,417,231,186
goa,daman & diu,318,162,156,77,69,8,8,7,1,14,10,4,51,0,51,19,11,8,97,39,58,52,26,26
goa,dadra & nagar haveli,41,34,7,24,23,1,0,0,0,8,6,2,3,0,3,0,0,0,2,1,1,4,4,0
goa,maharashtra,58750,27640,31110,12871,11362,1509,1082,940,142,725,535,190,13836,199,13637,5583,3281,2302,16600,6696,9904,8053,4627,3426
goa,andhra pradesh,6355,3293,3062,2313,1929,384,77,65,12,38,20,18,735,11,724,399,207,192,2020,657,1363,773,404,369
goa,karnataka,112116,58812,53304,39992,33590,6402,1550,1388,162,444,306,138,18799,157,18642,10887,5909,4978,27565,10417,17148,12879,7045,5834
goa,goa,0,0,0,0,0,0,0,0,0,0,0,0,0,0,0,0,0,0,0,0,0,0,0,0
goa,lakshadweep,0,0,0,0,0,0,0,0,0,0,0,0,0,0,0,0,0,0,0,0,0,0,0,0
goa,kerala,10251,5883,4368,3865,3555,310,315,295,20,135,73,62,1234,14,1220,942,512,430,2814,936,1878,946,498,448
goa,tamil nadu,5041,2865,2176,1921,1716,205,190,175,15,49,29,20,551,8,543,361,195,166,1468,472,996,501,270,231
goa,puducherry,114,60,54,40,38,2,2,2,0,5,5,0,14,0,14,10,3,7,32,10,22,11,2,9
goa,andaman & nicobar islands,325,134,191,39,37,2,0,0,0,4,4,0,3,0,3,3,2,1,265,82,183,11,9,2
gujarat,jammu & kashmir,3390,2048,1342,866,819,47,108,97,11,379,270,109,271,22,249,56,27,29,1140,440,700,570,373,197
gujarat,himachal pradesh,8462,4341,4121,1633,1550,83,686,635,51,160,117,43,1691,19,1672,562,344,218,2478,941,1537,1252,735,517
gujarat,punjab,17897,9696,8201,3480,3346,134,1962,1824,138,162,104,58,2606,48,2558,891,544,347,6616,2487,4129,2180,1343,837
gujarat,chandigargh,1659,913,746,450,429,21,84,77,7,39,22,17,159,3,156,78,46,32,669,233,436,180,103,77
gujarat,uttranchal,8363,4858,3505,2714,2608,106,366,337,29,106,71,35,1017,6,1011,276,161,115,2921,1032,1889,963,643,320
gujarat,haryana,18397,10117,8280,3351,3216,135,2337,2253,84,154,115,39,2432,25,2407,869,497,372,7229,2734,4495,2025,1277,748
gujarat,nct of delhi,14461,7273,7188,2687,2503,184,1243,1169,74,300,181,119,2218,30,2188,746,423,323,5559,2074,3485,1708,893,815
gujarat,rajasthan,391649,211977,179672,80234,76679,3555,59938,56442,3496,1555,1217,338,82251,679,81572,23145,13621,9524,103923,39456,64467,40603,23883,16720
gujarat,uttar pradesh,447325,300499,146826,179313,176041,3272,47179,45296,1883,1712,1389,323,53419,595,52824,17296,10052,7244,106884,39849,67035,41522,27277,14245
gujarat,bihar,146495,107280,39215,72009,70903,1106,12574,12117,457,1280,1134,146,12351,146,12205,4712,2612,2100,30865,11450,19415,12704,8918,3786
gujarat,sikkim,166,98,68,42,42,0,21,19,2,4,3,1,20,1,19,6,5,1,57,17,40,16,11,5
gujarat,arunachal pradesh,112,62,50,34,33,1,1,1,0,7,6,1,15,0,15,4,1,3,38,14,24,13,7,6
gujarat,nagaland,154,87,67,30,30,0,19,16,3,8,5,3,9,0,9,9,6,3,54,17,37,25,13,12
gujarat,manipur,561,382,179,62,58,4,27,26,1,262,193,69,19,0,19,4,2,2,134,62,72,53,41,12
gujarat,mizoram,21,14,7,7,7,0,1,1,0,5,3,2,2,0,2,0,0,0,3,1,2,3,2,1
gujarat,tripura,740,444,296,212,203,9,10,8,2,60,54,6,40,1,39,16,13,3,346,125,221,56,40,16
gujarat,meghalaya,153,86,67,34,33,1,10,10,0,5,2,3,24,0,24,12,10,2,49,17,32,19,14,5
gujarat,assam,7491,4165,3326,2006,1911,95,387,374,13,178,122,56,442,2,440,153,89,64,3807,1343,2464,518,324,194
gujarat,west bengal,40262,24895,15367,12580,12162,418,4870,4652,218,641,522,119,5313,58,5255,1800,1031,769,10928,3825,7103,4130,2645,1485
gujarat,jharkhand,23782,17628,6154,11011,10834,177,2855,2740,115,246,197,49,1840,14,1826,746,416,330,4970,1905,3065,2114,1522,592
gujarat,odisha,115316,93884,21432,76139,75528,611,5241,5108,133,205,155,50,7342,68,7274,3008,1636,1372,15770,5901,9869,7611,5488,2123
gujarat,chhattisgarh,9274,4912,4362,2674,2237,437,642,550,92,81,60,21,1099,12,1087,419,234,185,3326,1220,2106,1033,599,434
gujarat,madhya pradesh,131745,66389,65356,29363,26422,2941,11867,10355,1512,794,632,162,27722,243,27479,7221,4152,3069,40843,16379,24464,13935,8206,5729
gujarat,gujarat,0,0,0,0,0,0,0,0,0,0,0,0,0,0,0,0,0,0,0,0,0,0,0,0
gujarat,daman & diu,7420,2930,4490,1135,1025,110,501,453,48,63,42,21,2837,35,2802,846,493,353,1281,504,777,757,378,379
gujarat,dadra & nagar haveli,4190,1134,3056,394,339,55,103,93,10,51,41,10,2277,81,2196,321,186,135,640,236,404,404,158,246
gujarat,maharashtra,655080,317282,337798,139701,126673,13028,42719,37384,5335,2932,2233,699,142939,2142,140797,62145,36280,25865,191630,72017,119613,73014,40553,32461
gujarat,andhra pradesh,38813,20961,17852,11413,10774,639,2233,2025,208,243,196,47,6373,60,6313,2502,1391,1111,11854,4053,7801,4195,2462,1733
gujarat,karnataka,19206,10045,9161,4661,4321,340,1449,1328,121,263,218,45,3359,48,3311,1404,817,587,5717,2003,3714,2353,1310,1043
gujarat,goa,1500,699,801,341,307,34,58,53,5,22,14,8,289,5,284,103,54,49,472,163,309,215,103,112
gujarat,lakshadweep,4,3,1,1,1,0,0,0,0,2,1,1,0,0,0,0,0,0,0,0,0,1,1,0
gujarat,kerala,42457,23285,19172,14952,12878,2074,3023,2858,165,391,257,134,6129,60,6069,3689,1982,1707,10051,3067,6984,4222,2183,2039
gujarat,tamil nadu,24335,13589,10746,6803,6242,561,2313,2164,149,287,220,67,3623,59,3564,1555,867,688,6817,2342,4475,2937,1695,1242
gujarat,puducherry,1554,756,798,366,339,27,64,60,4,17,15,2,385,2,383,148,81,67,383,153,230,191,106,85
gujarat,andaman & nicobar islands,307,152,155,69,64,5,14,11,3,10,9,1,33,1,32,9,4,5,145,44,101,27,19,8
haryana,jammu & kashmir,11389,5728,5661,2360,2185,175,67,53,14,157,90,67,1435,20,1415,181,94,87,5308,2009,3299,1881,1277,604
haryana,himachal pradesh,48708,19489,29219,10250,9342,908,239,197,42,479,292,187,16702,139,16563,1990,1188,802,14030,5459,8571,5018,2872,2146
haryana,punjab,474296,155221,319075,62752,55662,7090,2882,2353,529,1665,921,744,216250,1528,214722,23739,14795,8944,117916,52765,65151,49092,27197,21895
haryana,chandigargh,72313,35606,36707,10162,9060,1102,550,473,77,535,292,243,9536,89,9447,4166,2331,1835,36536,15763,20773,10828,7598,3230
haryana,uttranchal,62904,30298,32606,19016,17863,1153,243,182,61,581,363,218,13941,128,13813,1174,704,470,21912,7486,14426,6037,3572,2465
haryana,haryana,0,0,0,0,0,0,0,0,0,0,0,0,0,0,0,0,0,0,0,0,0,0,0,0
haryana,nct of delhi,261689,74198,187491,24684,21416,3268,1666,1229,437,2828,1809,1019,123412,819,122593,5451,3137,2314,72994,30020,42974,30654,15768,14886
haryana,rajasthan,488790,108303,380487,56378,46825,9553,1276,905,371,1783,1194,589,292203,1630,290573,10018,6001,4017,80228,32450,47778,46904,19298,27606
haryana,uttar pradesh,811374,379450,431924,243944,219806,24138,2702,2030,672,4455,2953,1502,220604,1849,218755,10061,5883,4178,245767,94942,150825,83841,51987,31854
haryana,bihar,237519,154957,82562,114467,107252,7215,531,419,112,992,795,197,25741,308,25433,2759,1568,1191,67814,26206,41608,25215,18409,6806
haryana,sikkim,267,146,121,49,44,5,3,3,0,21,11,10,27,1,26,8,5,3,126,57,69,33,25,8
haryana,arunachal pradesh,201,91,110,20,19,1,2,2,0,19,12,7,20,0,20,2,2,0,102,31,71,36,25,11
haryana,nagaland,317,161,156,42,39,3,5,5,0,42,18,24,13,0,13,1,0,1,162,56,106,52,43,9
haryana,manipur,390,220,170,37,32,5,5,4,1,162,106,56,27,1,26,4,3,1,107,37,70,48,37,11
haryana,mizoram,58,33,25,20,16,4,2,1,1,12,9,3,8,0,8,1,1,0,11,3,8,4,3,1
haryana,tripura,266,105,161,53,48,5,0,0,0,11,10,1,95,0,95,5,2,3,76,32,44,26,13,13
haryana,meghalaya,543,265,278,81,69,12,7,5,2,31,24,7,46,1,45,4,1,3,312,122,190,62,43,19
haryana,assam,8061,3506,4555,1765,1505,260,44,35,9,192,154,38,1935,5,1930,87,43,44,3159,1219,1940,879,545,334
haryana,west bengal,56250,33093,23157,24096,21732,2364,197,157,40,290,211,79,7032,61,6971,695,403,292,17950,6478,11472,5990,4051,1939
haryana,jharkhand,14007,8638,5369,6400,5943,457,58,48,10,133,70,63,1809,15,1794,190,103,87,3962,1417,2545,1455,1042,413
haryana,odisha,10593,6689,3904,5122,4807,315,51,46,5,113,92,21,1203,12,1191,117,67,50,2894,925,1969,1093,740,353
haryana,chhattisgarh,37237,19732,17505,15581,9005,6576,17,10,7,41,30,11,829,14,815,98,52,46,13847,6183,7664,6824,4438,2386
haryana,madhya pradesh,27491,13624,13867,7995,6685,1310,110,93,17,135,89,46,4345,40,4305,398,244,154,11329,4501,6828,3179,1972,1207
haryana,gujarat,7662,3613,4049,1599,1414,185,44,34,10,77,58,19,1235,13,1222,168,95,73,3623,1427,2196,916,572,344
haryana,daman & diu,39,16,23,5,5,0,0,0,0,1,1,0,14,0,14,1,1,0,14,7,7,4,2,2
haryana,dadra & nagar haveli,85,30,55,12,12,0,0,0,0,1,1,0,42,0,42,2,2,0,20,9,11,8,6,2
haryana,maharashtra,17200,8330,8870,3811,3507,304,98,80,18,217,158,59,2753,42,2711,384,222,162,7784,2946,4838,2153,1375,778
haryana,andhra pradesh,7459,3151,4308,1374,1228,146,21,14,7,187,152,35,1635,21,1614,126,68,58,3223,1109,2114,893,559,334
haryana,karnataka,3560,1691,1869,720,644,76,18,14,4,59,51,8,350,3,347,56,26,30,1974,701,1273,383,252,131
haryana,goa,379,155,224,98,62,36,0,0,0,2,1,1,47,0,47,7,3,4,174,56,118,51,33,18
haryana,lakshadweep,1,1,0,1,1,0,0,0,0,0,0,0,0,0,0,0,0,0,0,0,0,0,0,0
haryana,kerala,8519,4246,4273,3098,2470,628,34,27,7,163,122,41,865,11,854,351,191,160,3134,931,2203,874,494,380
haryana,tamil nadu,6128,3118,3010,1821,1524,297,26,17,9,130,112,18,589,9,580,131,67,64,2666,902,1764,765,487,278
haryana,puducherry,82,43,39,25,22,3,0,0,0,2,2,0,12,0,12,0,0,0,35,15,20,8,4,4
haryana,andaman & nicobar islands,143,52,91,23,20,3,0,0,0,3,2,1,12,0,12,0,0,0,94,23,71,11,7,4
himachal pradesh,jammu & kashmir,14380,9030,5350,5404,5146,258,298,285,13,583,339,244,2635,71,2564,247,146,101,2717,1055,1662,2496,1988,508
himachal pradesh,himachal pradesh,0,0,0,0,0,0,0,0,0,0,0,0,0,0,0,0,0,0,0,0,0,0,0,0
himachal pradesh,punjab,146737,42737,104000,18366,16364,2002,1652,1497,155,1593,932,661,78589,659,77930,7262,4215,3047,22283,9251,13032,16992,9819,7173
himachal pradesh,chandigargh,9445,5051,4394,2335,2118,217,89,76,13,352,207,145,1514,26,1488,930,507,423,2472,945,1527,1753,1172,581
himachal pradesh,uttranchal,17117,7766,9351,4601,4307,294,154,137,17,321,253,68,5669,71,5598,345,183,162,4065,1477,2588,1962,1338,624
himachal pradesh,haryana,27939,9942,17997,4892,4463,429,376,343,33,314,190,124,12393,125,12268,1128,651,477,5966,2364,3602,2870,1806,1064
himachal pradesh,nct of delhi,14109,7964,6145,3436,3216,220,200,176,24,333,174,159,2092,39,2053,874,472,402,4025,1552,2473,3149,2335,814
himachal pradesh,rajasthan,8963,5092,3871,3115,2513,602,90,74,16,82,62,20,602,10,592,175,105,70,3693,1483,2210,1206,845,361
himachal pradesh,uttar pradesh,46148,30645,15503,21019,19719,1300,847,800,47,402,281,121,3939,61,3878,748,434,314,13802,5252,8550,5391,4098,1293
himachal pradesh,bihar,22571,18520,4051,15132,14692,440,126,119,7,296,263,33,510,21,489,91,47,44,4212,1552,2660,2204,1826,378
himachal pradesh,sikkim,273,177,96,80,72,8,1,1,0,9,8,1,23,2,21,1,0,1,86,34,52,73,60,13
himachal pradesh,arunachal pradesh,244,164,80,49,47,2,3,3,0,63,39,24,12,0,12,6,2,4,28,11,17,83,62,21
himachal pradesh,nagaland,189,120,69,43,42,1,2,0,2,13,8,5,5,1,4,5,2,3,56,15,41,65,52,13
himachal pradesh,manipur,237,151,86,72,71,1,0,0,0,10,5,5,5,0,5,5,1,4,100,37,63,45,37,8
himachal pradesh,mizoram,91,61,30,37,33,4,0,0,0,3,0,3,5,0,5,1,1,0,16,4,12,29,23,6
himachal pradesh,tripura,93,55,38,27,27,0,0,0,0,1,0,1,16,0,16,2,0,2,28,9,19,19,19,0
himachal pradesh,meghalaya,245,149,96,54,42,12,1,1,0,30,28,2,12,0,12,7,3,4,75,24,51,66,51,15
himachal pradesh,assam,1164,707,457,357,331,26,11,8,3,43,25,18,133,1,132,21,8,13,351,133,218,248,201,47
himachal pradesh,west bengal,7070,5146,1924,3960,3814,146,45,40,5,127,105,22,479,8,471,63,37,26,1628,518,1110,768,624,144
himachal pradesh,jharkhand,7141,5064,2077,4381,3801,580,11,9,2,69,55,14,209,0,209,59,32,27,1607,553,1054,805,614,191
himachal pradesh,odisha,3669,2974,695,2614,2523,91,3,2,1,21,15,6,97,5,92,16,9,7,632,200,432,286,220,66
himachal pradesh,chhattisgarh,8650,4845,3805,3478,2493,985,6,3,3,13,10,3,140,4,136,20,9,11,3956,1615,2341,1037,711,326
himachal pradesh,madhya pradesh,4011,2665,1346,1544,1426,118,26,24,2,55,36,19,221,8,213,92,42,50,1276,458,818,797,671,126
himachal pradesh,gujarat,1316,816,500,379,360,19,13,11,2,26,15,11,93,1,92,58,32,26,468,178,290,279,219,60
himachal pradesh,daman & diu,3,2,1,1,1,0,0,0,0,0,0,0,1,0,1,1,1,0,0,0,0,0,0,0
himachal pradesh,dadra & nagar haveli,3,2,1,1,1,0,0,0,0,0,0,0,1,0,1,0,0,0,1,1,0,0,0,0
himachal pradesh,maharashtra,4327,2677,1650,997,939,58,32,26,6,253,209,44,392,6,386,149,86,63,1425,528,897,1079,883,196
himachal pradesh,andhra pradesh,1374,853,521,408,360,48,4,4,0,40,19,21,63,3,60,35,25,10,536,198,338,288,244,44
himachal pradesh,karnataka,1210,763,447,314,266,48,10,8,2,142,100,42,77,4,73,14,11,3,348,133,215,305,241,64
himachal pradesh,goa,125,78,47,30,26,4,1,1,0,13,10,3,7,1,6,2,2,0,35,12,23,37,26,11
himachal pradesh,lakshadweep,0,0,0,0,0,0,0,0,0,0,0,0,0,0,0,0,0,0,0,0,0,0,0,0
himachal pradesh,kerala,1158,636,522,440,328,112,6,6,0,51,37,14,105,2,103,31,14,17,355,117,238,170,132,38
himachal pradesh,tamil nadu,772,437,335,259,230,29,4,3,1,18,9,9,45,3,42,10,8,2,298,88,210,138,96,42
himachal pradesh,puducherry,24,16,8,6,5,1,0,0,0,4,2,2,1,0,1,0,0,0,5,1,4,8,8,0
himachal pradesh,andaman & nicobar islands,36,21,15,11,11,0,2,1,1,0,0,0,1,0,1,1,1,0,16,3,13,5,5,0
jammu & kashmir,jammu & kashmir,0,0,0,0,0,0,0,0,0,0,0,0,0,0,0,0,0,0,0,0,0,0,0,0
jammu & kashmir,himachal pradesh,9843,4484,5359,1402,1282,120,161,100,61,93,46,47,2977,60,2917,86,56,30,2577,975,1602,2547,1965,582
jammu & kashmir,punjab,41845,15627,26218,6958,5878,1080,721,554,167,226,115,111,15483,313,15170,519,333,186,11132,4385,6747,6806,4049,2757
jammu & kashmir,chandigargh,1460,835,625,352,328,24,26,17,9,21,16,5,186,10,176,34,18,16,466,180,286,375,266,109
jammu & kashmir,uttranchal,5310,3428,1882,639,589,50,32,24,8,64,45,19,223,2,221,27,13,14,1993,712,1281,2332,2043,289
jammu & kashmir,haryana,7109,3881,3228,969,836,133,57,44,13,65,43,22,566,12,554,58,35,23,3429,1296,2133,1965,1615,350
jammu & kashmir,nct of delhi,4062,1825,2237,635,557,78,88,67,21,39,23,16,869,19,850,90,52,38,1455,557,898,886,550,336
jammu & kashmir,rajasthan,5504,2963,2541,755,659,96,54,42,12,37,26,11,198,8,190,50,30,20,3201,1200,2001,1209,998,211
jammu & kashmir,uttar pradesh,19292,12080,7212,4512,4177,335,274,221,53,173,119,54,796,30,766,140,71,69,8173,3096,5077,5224,4366,858
jammu & kashmir,bihar,12187,8139,4048,4482,4184,298,101,87,14,83,66,17,663,35,628,61,38,23,4044,1572,2472,2753,2157,596
jammu & kashmir,sikkim,98,65,33,31,28,3,1,1,0,0,0,0,5,2,3,0,0,0,33,9,24,28,25,3
jammu & kashmir,arunachal pradesh,179,112,67,51,51,0,0,0,0,0,0,0,1,0,1,2,1,1,91,30,61,34,30,4
jammu & kashmir,nagaland,115,61,54,26,25,1,0,0,0,0,0,0,2,0,2,2,2,0,69,19,50,16,15,1
jammu & kashmir,manipur,307,219,88,22,21,1,1,1,0,1,1,0,1,0,1,0,0,0,100,31,69,182,165,17
jammu & kashmir,mizoram,54,24,30,10,8,2,0,0,0,0,0,0,3,0,3,1,0,1,28,6,22,12,10,2
jammu & kashmir,tripura,125,71,54,19,16,3,1,0,1,2,2,0,6,0,6,1,0,1,57,20,37,39,33,6
jammu & kashmir,meghalaya,157,84,73,16,12,4,1,1,0,0,0,0,4,0,4,2,1,1,85,34,51,49,36,13
jammu & kashmir,assam,1774,932,842,153,143,10,5,3,2,23,12,11,50,1,49,9,3,6,1037,361,676,497,409,88
jammu & kashmir,west bengal,5595,3168,2427,1166,1094,72,47,36,11,42,26,16,508,8,500,49,29,20,2235,740,1495,1548,1235,313
jammu & kashmir,jharkhand,1842,1339,503,734,679,55,9,8,1,10,8,2,55,2,53,15,8,7,492,180,312,527,454,73
jammu & kashmir,odisha,4348,3289,1059,2254,2125,129,51,46,5,11,6,5,127,8,119,27,16,11,935,312,623,943,776,167
jammu & kashmir,chhattisgarh,12670,7320,5350,6231,4501,1730,40,27,13,11,10,1,339,16,323,123,58,65,4127,1639,2488,1799,1069,730
jammu & kashmir,madhya pradesh,9736,5691,4045,3099,2372,727,61,41,20,10,7,3,272,6,266,160,91,69,3970,1595,2375,2164,1579,585
jammu & kashmir,gujarat,1759,883,876,159,138,21,18,13,5,3,2,1,92,1,91,8,3,5,883,328,555,596,398,198
jammu & kashmir,daman & diu,11,5,6,1,1,0,0,0,0,0,0,0,0,0,0,0,0,0,5,2,3,5,2,3
jammu & kashmir,dadra & nagar haveli,0,0,0,0,0,0,0,0,0,0,0,0,0,0,0,0,0,0,0,0,0,0,0,0
jammu & kashmir,maharashtra,3782,2055,1727,369,325,44,27,14,13,45,25,20,172,4,168,41,25,16,1926,665,1261,1202,997,205
jammu & kashmir,andhra pradesh,2781,1528,1253,368,291,77,9,4,5,8,3,5,136,5,131,14,8,6,1220,411,809,1026,806,220
jammu & kashmir,karnataka,1464,805,659,110,99,11,20,15,5,9,9,0,36,1,35,8,5,3,756,233,523,525,443,82
jammu & kashmir,goa,56,26,30,1,1,0,4,4,0,2,2,0,2,0,2,0,0,0,30,7,23,17,12,5
jammu & kashmir,lakshadweep,0,0,0,0,0,0,0,0,0,0,0,0,0,0,0,0,0,0,0,0,0,0,0,0
jammu & kashmir,kerala,2324,1479,845,186,126,60,10,8,2,32,22,10,35,1,34,17,10,7,904,280,624,1140,1032,108
jammu & kashmir,tamil nadu,2159,1388,771,214,187,27,8,5,3,18,11,7,30,2,28,7,6,1,922,280,642,960,897,63
jammu & kashmir,puducherry,11,4,7,1,0,1,0,0,0,0,0,0,0,0,0,0,0,0,4,0,4,6,4,2
jammu & kashmir,andaman & nicobar islands,44,24,20,4,4,0,0,0,0,0,0,0,0,0,0,2,0,2,27,11,16,11,9,2
jharkhand,jammu & kashmir,1437,736,701,304,292,12,31,31,0,24,16,8,201,3,198,17,10,7,676,269,407,184,115,69
jharkhand,himachal pradesh,1021,489,532,233,223,10,9,8,1,13,11,2,190,2,188,8,4,4,448,167,281,120,74,46
jharkhand,punjab,12412,6327,6085,3423,3271,152,259,234,25,76,56,20,2692,43,2649,211,137,74,4033,1500,2533,1718,1086,632
jharkhand,chandigargh,1132,449,683,296,224,72,14,13,1,10,9,1,388,4,384,12,8,4,293,125,168,119,66,53
jharkhand,uttranchal,1744,791,953,355,336,19,10,8,2,51,40,11,388,4,384,31,25,6,680,243,437,229,135,94
jharkhand,haryana,4479,2345,2134,949,918,31,240,231,9,60,51,9,919,11,908,69,47,22,1611,666,945,631,421,210
jharkhand,nct of delhi,3365,1696,1669,674,602,72,48,44,4,87,69,18,723,6,717,111,76,35,1020,400,620,702,499,203
jharkhand,rajasthan,10669,5421,5248,2431,2331,100,692,653,39,95,77,18,2753,25,2728,234,169,65,3011,1263,1748,1453,903,550
jharkhand,uttar pradesh,104595,51655,52940,31390,30288,1102,1474,1361,113,1015,819,196,28442,381,28061,2033,1293,740,26935,9644,17291,13306,7869,5437
jharkhand,bihar,1080794,495596,585198,278893,268283,10610,14051,13064,987,17475,14481,2994,332032,4322,327710,18935,11500,7435,283105,106355,176750,136303,77591,58712
jharkhand,sikkim,77,41,36,19,16,3,0,0,0,6,5,1,17,0,17,0,0,0,20,10,10,15,10,5
jharkhand,arunachal pradesh,177,82,95,36,33,3,0,0,0,2,2,0,39,1,38,2,1,1,80,31,49,18,14,4
jharkhand,nagaland,171,83,88,36,33,3,0,0,0,9,6,3,34,1,33,2,2,0,58,19,39,32,22,10
jharkhand,manipur,348,163,185,62,58,4,6,2,4,48,37,11,58,0,58,1,0,1,114,32,82,59,34,25
jharkhand,mizoram,114,47,67,18,12,6,0,0,0,5,4,1,28,0,28,0,0,0,51,24,27,12,7,5
jharkhand,tripura,426,229,197,129,120,9,7,7,0,14,14,0,76,1,75,7,5,2,139,48,91,54,34,20
jharkhand,meghalaya,290,125,165,63,54,9,5,5,0,9,5,4,72,1,71,8,6,2,113,39,74,20,15,5
jharkhand,assam,3650,1556,2094,704,636,68,26,24,2,101,72,29,1026,17,1009,54,36,18,1209,448,761,530,323,207
jharkhand,west bengal,345693,88117,257576,50484,46404,4080,2438,2095,343,2230,1679,551,202240,2143,200097,6258,3666,2592,46078,16306,29772,35965,15824,20141
jharkhand,jharkhand,0,0,0,0,0,0,0,0,0,0,0,0,0,0,0,0,0,0,0,0,0,0,0,0
jharkhand,odisha,82192,23074,59118,14868,13352,1516,400,306,94,473,345,128,44752,444,44308,1333,755,578,11730,4059,7671,8636,3813,4823
jharkhand,chhattisgarh,29035,8449,20586,6341,4991,1350,91,57,34,181,95,86,14395,172,14223,380,226,154,4751,1644,3107,2896,1264,1632
jharkhand,madhya pradesh,8871,3430,5441,1929,1730,199,105,94,11,102,74,28,3130,31,3099,176,101,75,2181,769,1412,1248,631,617
jharkhand,gujarat,9965,4803,5162,2372,2241,131,261,233,28,175,130,45,2464,25,2439,285,172,113,2951,1149,1802,1457,853,604
jharkhand,daman & diu,13,5,8,1,1,0,0,0,0,0,0,0,6,0,6,0,0,0,5,4,1,1,0,1
jharkhand,dadra & nagar haveli,22,10,12,7,6,1,0,0,0,0,0,0,8,0,8,0,0,0,1,0,1,6,4,2
jharkhand,maharashtra,6051,2789,3262,1218,1100,118,72,60,12,93,76,17,1584,21,1563,214,117,97,1784,655,1129,1086,760,326
jharkhand,andhra pradesh,9605,4608,4997,2660,2479,181,49,35,14,143,113,30,2197,19,2178,423,241,182,2775,1007,1768,1358,714,644
jharkhand,karnataka,2308,1001,1307,498,442,56,7,5,2,59,45,14,631,7,624,40,21,19,673,243,430,400,238,162
jharkhand,goa,136,69,67,32,28,4,0,0,0,6,4,2,30,0,30,5,2,3,40,17,23,23,18,5
jharkhand,lakshadweep,9,3,6,2,2,0,0,0,0,0,0,0,2,0,2,0,0,0,5,1,4,0,0,0
jharkhand,kerala,5659,2535,3124,2138,1545,593,26,20,6,211,74,137,1041,20,1021,175,87,88,1275,416,859,793,373,420
jharkhand,tamil nadu,4217,2045,2172,1243,1116,127,39,35,4,99,72,27,898,14,884,149,92,57,1210,403,807,579,313,266
jharkhand,puducherry,77,37,40,18,17,1,2,2,0,3,2,1,16,0,16,3,2,1,22,6,16,13,8,5
jharkhand,andaman & nicobar islands,184,64,120,33,28,5,1,0,1,10,4,6,39,0,39,7,4,3,56,14,42,38,14,24
karnataka,jammu & kashmir,5806,3682,2124,911,801,110,122,109,13,1534,1245,289,292,18,274,152,83,69,1654,615,1039,1141,811,330
karnataka,himachal pradesh,5934,3641,2293,691,559,132,75,62,13,1073,948,125,406,28,378,100,50,50,1032,417,615,2557,1577,980
karnataka,punjab,7656,4341,3315,1668,1532,136,306,274,32,980,712,268,632,16,616,211,117,94,2654,962,1692,1205,728,477
karnataka,chandigargh,1731,875,856,309,279,30,34,25,9,214,139,75,116,0,116,56,36,20,821,301,520,181,95,86
karnataka,uttranchal,2601,1586,1015,618,558,60,42,35,7,291,237,54,242,19,223,78,47,31,667,255,412,663,435,228
karnataka,haryana,10840,5287,5553,2212,1985,227,297,271,26,716,522,194,2493,54,2439,460,272,188,2745,1053,1692,1917,1130,787
karnataka,nct of delhi,17286,9384,7902,4196,3653,543,536,472,64,2004,1327,677,1376,50,1326,506,299,207,6107,2126,3981,2561,1457,1104
karnataka,rajasthan,78171,46618,31553,15843,15163,680,11439,10838,601,3200,2783,417,13079,180,12899,4690,2756,1934,17146,7160,9986,12774,7738,5036
karnataka,uttar pradesh,38068,24643,13425,12946,12211,735,1428,1322,106,3518,2990,528,3417,98,3319,1181,656,525,9967,3778,6189,5611,3588,2023
karnataka,bihar,27868,20842,7026,13124,12666,458,538,483,55,2878,2593,285,1929,40,1889,594,301,293,4794,1921,2873,4011,2838,1173
karnataka,sikkim,1947,1121,826,94,68,26,21,16,5,316,280,36,63,10,53,17,12,5,395,158,237,1041,577,464
karnataka,arunachal pradesh,1285,977,308,108,94,14,10,8,2,566,517,49,66,3,63,17,10,7,165,63,102,353,282,71
karnataka,nagaland,528,311,217,55,49,6,3,1,2,228,154,74,31,0,31,22,12,10,101,38,63,88,57,31
karnataka,manipur,1446,808,638,169,145,24,23,16,7,784,449,335,84,3,81,52,24,28,129,49,80,205,122,83
karnataka,mizoram,271,145,126,34,26,8,1,1,0,117,76,41,18,0,18,5,2,3,47,15,32,49,25,24
karnataka,tripura,519,373,146,111,101,10,20,19,1,193,173,20,36,1,35,11,7,4,78,28,50,70,44,26
karnataka,meghalaya,756,419,337,137,115,22,6,6,0,200,134,66,50,1,49,7,2,5,242,96,146,114,65,49
karnataka,assam,5506,3388,2118,1423,1312,111,115,102,13,851,645,206,273,14,259,124,72,52,1764,645,1119,956,598,358
karnataka,west bengal,31248,20683,10565,11299,10423,876,916,830,86,4364,3669,695,3014,64,2950,890,500,390,6068,2229,3839,4697,2968,1729
karnataka,jharkhand,5421,3883,1538,1975,1841,134,71,67,4,1259,1093,166,378,9,369,147,69,78,941,360,581,650,444,206
karnataka,odisha,16379,12498,3881,9512,9017,495,166,139,27,1107,941,166,1008,23,985,295,153,142,2268,839,1429,2023,1386,637
karnataka,chhattisgarh,1907,1096,811,578,510,68,50,48,2,186,138,48,254,7,247,77,45,32,479,157,322,283,191,92
karnataka,madhya pradesh,10627,6099,4528,3074,2739,335,286,257,29,891,672,219,1378,27,1351,498,286,212,2733,1074,1659,1767,1044,723
karnataka,gujarat,27346,14633,12713,5069,4639,430,2228,2055,173,2002,1717,285,4424,74,4350,1367,771,596,7823,2959,4864,4433,2418,2015
karnataka,daman & diu,84,47,37,18,15,3,0,0,0,16,16,0,10,1,9,6,2,4,20,5,15,14,8,6
karnataka,dadra & nagar haveli,77,32,45,15,12,3,1,1,0,1,0,1,22,1,21,5,3,2,24,9,15,9,6,3
karnataka,maharashtra,400480,128985,271495,36685,30707,5978,3595,3014,581,4542,3098,1444,173863,1403,172460,65088,39875,25213,56134,21740,34394,60573,29148,31425
karnataka,andhra pradesh,569998,223543,346455,121362,102369,18993,9993,8475,1518,13176,10084,3092,209384,5728,203656,22498,12675,9823,103699,40231,63468,89886,43981,45905
karnataka,karnataka,0,0,0,0,0,0,0,0,0,0,0,0,0,0,0,0,0,0,0,0,0,0,0,0
karnataka,goa,13439,5689,7750,1889,1607,282,117,94,23,760,522,238,3481,37,3444,1696,950,746,3103,1167,1936,2393,1312,1081
karnataka,lakshadweep,39,26,13,11,11,0,3,3,0,10,9,1,4,0,4,1,0,1,7,2,5,3,1,2
karnataka,kerala,260167,132362,127805,75215,65110,10105,7924,7316,608,19909,9236,10673,55240,1655,53585,19297,10531,8766,45520,18168,27352,37062,20346,16716
karnataka,tamil nadu,524857,265040,259817,167131,142193,24938,15035,13047,1988,7166,4806,2360,119550,4551,114999,24016,13170,10846,103100,40728,62372,88859,46545,42314
karnataka,puducherry,3693,1936,1757,1198,1039,159,81,65,16,96,67,29,739,31,708,244,140,104,724,279,445,611,315,296
karnataka,andaman & nicobar islands,490,243,247,104,91,13,6,5,1,77,43,34,54,5,49,16,10,6,144,45,99,89,44,45
kerala,jammu & kashmir,1130,716,414,227,216,11,44,33,11,16,10,6,34,3,31,47,23,24,441,174,267,321,257,64
kerala,himachal pradesh,410,219,191,78,66,12,11,8,3,16,11,5,18,1,17,15,7,8,166,61,105,106,65,41
kerala,punjab,2016,1055,961,323,279,44,29,27,2,46,28,18,101,12,89,117,58,59,923,370,553,477,281,196
kerala,chandigargh,389,214,175,65,57,8,4,4,0,8,4,4,12,2,10,19,10,9,199,90,109,82,47,35
kerala,uttranchal,505,260,245,79,71,8,4,3,1,29,17,12,17,0,17,11,6,5,261,96,165,104,67,37
kerala,haryana,1416,733,683,243,202,41,23,20,3,32,22,10,69,4,65,70,31,39,716,280,436,263,174,89
kerala,nct of delhi,6752,3361,3391,1166,896,270,72,64,8,162,110,52,318,35,283,297,151,146,2993,1133,1860,1744,972,772
kerala,rajasthan,4159,2441,1718,1104,978,126,184,170,14,80,51,29,226,22,204,171,99,72,1544,623,921,850,498,352
kerala,uttar pradesh,6146,3582,2564,1555,1358,197,164,150,14,261,179,82,344,48,296,217,108,109,2344,943,1401,1261,796,465
kerala,bihar,3265,2045,1220,880,807,73,27,26,1,216,166,50,163,21,142,68,37,31,1084,429,655,827,559,268
kerala,sikkim,126,76,50,17,17,0,0,0,0,4,1,3,5,1,4,6,2,4,57,25,32,37,30,7
kerala,arunachal pradesh,364,210,154,61,44,17,0,0,0,38,29,9,12,0,12,12,4,8,139,68,71,102,65,37
kerala,nagaland,559,321,238,92,74,18,4,3,1,38,29,9,31,2,29,22,15,7,237,116,121,135,82,53
kerala,manipur,279,154,125,49,35,14,1,1,0,55,42,13,15,0,15,12,5,7,94,29,65,53,42,11
kerala,mizoram,144,84,60,17,15,2,0,0,0,32,25,7,7,0,7,6,3,3,47,20,27,35,21,14
kerala,tripura,117,74,43,16,15,1,1,1,0,21,15,6,10,0,10,1,1,0,35,16,19,33,26,7
kerala,meghalaya,322,170,152,47,40,7,0,0,0,5,3,2,23,1,22,7,3,4,178,78,100,62,45,17
kerala,assam,1772,1043,729,435,368,67,11,8,3,82,52,30,83,8,75,58,29,29,672,281,391,431,297,134
kerala,west bengal,5309,3284,2025,1790,1624,166,85,74,11,93,66,27,363,29,334,102,57,45,1744,686,1058,1132,748,384
kerala,jharkhand,1541,851,690,351,312,39,6,6,0,75,44,31,91,8,83,42,23,19,675,276,399,301,182,119
kerala,odisha,4007,2649,1358,1714,1600,114,15,13,2,83,56,27,210,19,191,70,35,35,1247,495,752,668,431,237
kerala,chhattisgarh,1852,920,932,266,219,47,4,3,1,47,19,28,185,11,174,50,28,22,920,398,522,380,242,138
kerala,madhya pradesh,4138,2099,2039,711,570,141,22,18,4,108,66,42,349,25,324,171,93,78,1786,736,1050,991,591,400
kerala,gujarat,6519,3398,3121,989,846,143,205,178,27,94,53,41,623,38,585,256,135,121,2544,1040,1504,1808,1108,700
kerala,daman & diu,32,18,14,7,6,1,0,0,0,0,0,0,2,0,2,3,0,3,11,7,4,9,5,4
kerala,dadra & nagar haveli,10,5,5,2,2,0,0,0,0,0,0,0,0,0,0,2,0,2,2,0,2,4,3,1
kerala,maharashtra,30157,15664,14493,5382,4562,820,575,491,84,342,196,146,2857,220,2637,1371,769,602,12700,5036,7664,6930,4390,2540
kerala,andhra pradesh,12671,6582,6089,3020,2585,435,133,105,28,213,133,80,1048,95,953,479,249,230,5164,1905,3259,2614,1510,1104
kerala,karnataka,63563,26874,36689,9874,7940,1934,601,463,138,1398,1078,320,19761,1585,18176,4436,2416,2020,16494,7536,8958,10999,5856,5143
kerala,goa,1595,694,901,187,154,33,12,7,5,18,12,6,112,6,106,47,24,23,959,337,622,260,154,106
kerala,lakshadweep,976,660,316,171,130,41,9,9,0,346,296,50,49,14,35,6,5,1,218,77,141,177,129,48
kerala,kerala,0,0,0,0,0,0,0,0,0,0,0,0,0,0,0,0,0,0,0,0,0,0,0,0
kerala,tamil nadu,282179,149659,132520,92784,72654,20130,6321,5509,812,1691,999,692,58562,9334,49228,13081,7009,6072,66886,29045,37841,42854,25109,17745
kerala,puducherry,8665,3538,5127,453,361,92,53,47,6,59,34,25,2578,338,2240,2090,1178,912,2046,879,1167,1386,701,685
kerala,andaman & nicobar islands,1174,515,659,137,110,27,5,3,2,48,27,21,84,8,76,19,8,11,694,234,460,187,125,62
lakshadweep,jammu & kashmir,7,7,0,4,4,0,0,0,0,0,0,0,0,0,0,0,0,0,0,0,0,3,3,0
lakshadweep,himachal pradesh,1,1,0,0,0,0,0,0,0,0,0,0,0,0,0,0,0,0,0,0,0,1,1,0
lakshadweep,punjab,3,2,1,0,0,0,0,0,0,0,0,0,0,0,0,0,0,0,3,2,1,0,0,0
lakshadweep,chandigargh,0,0,0,0,0,0,0,0,0,0,0,0,0,0,0,0,0,0,0,0,0,0,0,0
lakshadweep,uttranchal,1,1,0,1,1,0,0,0,0,0,0,0,0,0,0,0,0,0,0,0,0,0,0,0
lakshadweep,haryana,0,0,0,0,0,0,0,0,0,0,0,0,0,0,0,0,0,0,0,0,0,0,0,0
lakshadweep,nct of delhi,42,30,12,14,14,0,0,0,0,3,3,0,0,0,0,0,0,0,10,1,9,15,12,3
lakshadweep,rajasthan,12,9,3,8,7,1,0,0,0,0,0,0,0,0,0,0,0,0,3,1,2,1,1,0
lakshadweep,uttar pradesh,21,15,6,8,7,1,0,0,0,0,0,0,0,0,0,0,0,0,9,4,5,4,4,0
lakshadweep,bihar,6,5,1,3,3,0,0,0,0,0,0,0,0,0,0,0,0,0,1,0,1,2,2,0
lakshadweep,sikkim,1,0,1,1,0,1,0,0,0,0,0,0,0,0,0,0,0,0,0,0,0,0,0,0
lakshadweep,arunachal pradesh,5,3,2,3,3,0,0,0,0,0,0,0,0,0,0,0,0,0,1,0,1,1,0,1
lakshadweep,nagaland,2,2,0,1,1,0,0,0,0,0,0,0,0,0,0,0,0,0,0,0,0,1,1,0
lakshadweep,manipur,1,1,0,0,0,0,0,0,0,0,0,0,0,0,0,0,0,0,0,0,0,1,1,0
lakshadweep,mizoram,0,0,0,0,0,0,0,0,0,0,0,0,0,0,0,0,0,0,0,0,0,0,0,0
lakshadweep,tripura,1,1,0,1,1,0,0,0,0,0,0,0,0,0,0,0,0,0,0,0,0,0,0,0
lakshadweep,meghalaya,0,0,0,0,0,0,0,0,0,0,0,0,0,0,0,0,0,0,0,0,0,0,0,0
lakshadweep,assam,6,4,2,3,3,0,0,0,0,0,0,0,0,0,0,0,0,0,1,0,1,2,1,1
lakshadweep,west bengal,139,132,7,24,24,0,1,1,0,0,0,0,0,0,0,0,0,0,5,1,4,109,106,3
lakshadweep,jharkhand,7,6,1,5,5,0,0,0,0,0,0,0,0,0,0,0,0,0,1,0,1,1,1,0
lakshadweep,odisha,12,8,4,4,4,0,0,0,0,0,0,0,0,0,0,0,0,0,8,4,4,0,0,0
lakshadweep,chhattisgarh,0,0,0,0,0,0,0,0,0,0,0,0,0,0,0,0,0,0,0,0,0,0,0,0
lakshadweep,madhya pradesh,1,1,0,1,1,0,0,0,0,0,0,0,0,0,0,0,0,0,0,0,0,0,0,0
lakshadweep,gujarat,13,9,4,5,5,0,0,0,0,0,0,0,0,0,0,0,0,0,4,0,4,4,4,0
lakshadweep,daman & diu,28,28,0,20,20,0,0,0,0,0,0,0,0,0,0,0,0,0,0,0,0,8,8,0
lakshadweep,dadra & nagar haveli,28,28,0,21,21,0,0,0,0,0,0,0,0,0,0,0,0,0,0,0,0,7,7,0
lakshadweep,maharashtra,853,840,13,154,154,0,7,7,0,1,1,0,1,1,0,0,0,0,12,5,7,678,672,6
lakshadweep,andhra pradesh,22,16,6,8,8,0,0,0,0,1,1,0,0,0,0,0,0,0,5,1,4,8,6,2
lakshadweep,karnataka,352,290,62,198,196,2,1,1,0,32,20,12,11,3,8,3,2,1,46,20,26,61,48,13
lakshadweep,goa,4,3,1,2,2,0,0,0,0,0,0,0,0,0,0,0,0,0,1,0,1,1,1,0
lakshadweep,lakshadweep,0,0,0,0,0,0,0,0,0,0,0,0,0,0,0,0,0,0,0,0,0,0,0,0
lakshadweep,kerala,3592,2496,1096,1436,1360,76,6,6,0,279,198,81,69,7,62,214,110,104,773,294,479,815,521,294
lakshadweep,tamil nadu,345,329,16,261,261,0,1,1,0,11,10,1,1,0,1,3,2,1,20,8,12,48,47,1
lakshadweep,puducherry,9,9,0,8,8,0,0,0,0,0,0,0,0,0,0,0,0,0,0,0,0,1,1,0
lakshadweep,andaman & nicobar islands,47,39,8,18,18,0,0,0,0,1,1,0,0,0,0,0,0,0,13,5,8,15,15,0
madhya pradesh,jammu & kashmir,5398,2661,2737,937,865,72,25,19,6,111,87,24,376,6,370,94,59,35,3217,1199,2018,638,426,212
madhya pradesh,himachal pradesh,3598,1778,1820,754,717,37,22,15,7,128,97,31,435,2,433,71,35,36,1795,659,1136,393,253,140
madhya pradesh,punjab,30922,15369,15553,7170,6634,536,508,444,64,254,179,75,5672,71,5601,768,463,305,12313,5029,7284,4237,2549,1688
madhya pradesh,chandigargh,1894,858,1036,369,328,41,17,12,5,28,15,13,255,5,250,59,36,23,938,346,592,228,116,112
madhya pradesh,uttranchal,13896,6813,7083,3649,3446,203,97,79,18,311,232,79,2460,22,2438,306,175,131,5460,1904,3556,1613,955,658
madhya pradesh,haryana,19168,9117,10051,3639,3412,227,332,299,33,310,224,86,3275,39,3236,481,299,182,8555,3418,5137,2576,1426,1150
madhya pradesh,nct of delhi,21435,8954,12481,3765,3386,379,295,240,55,593,402,191,5464,45,5419,769,455,314,7493,2857,4636,3056,1569,1487
madhya pradesh,rajasthan,335849,90615,245234,41212,36932,4280,2577,2185,392,2100,1613,487,180913,1431,179482,15065,8896,6169,52941,20915,32026,41041,18643,22398
madhya pradesh,uttar pradesh,849232,260376,588856,141646,132714,8932,6830,5907,923,11421,9449,1972,430503,4407,426096,12992,7739,5253,165637,61028,104609,80203,39132,41071
madhya pradesh,bihar,93339,51689,41650,31844,30567,1277,961,893,68,1830,1557,273,15409,156,15253,2507,1419,1088,30395,10561,19834,10393,6536,3857
madhya pradesh,sikkim,269,131,138,45,40,5,3,3,0,12,8,4,16,0,16,1,0,1,160,59,101,32,21,11
madhya pradesh,arunachal pradesh,257,137,120,37,32,5,3,1,2,27,23,4,11,1,10,1,1,0,153,58,95,25,21,4
madhya pradesh,nagaland,215,120,95,47,47,0,1,1,0,21,18,3,9,0,9,3,2,1,108,38,70,26,14,12
madhya pradesh,manipur,401,210,191,43,37,6,0,0,0,172,111,61,31,1,30,9,4,5,106,34,72,40,23,17
madhya pradesh,mizoram,86,47,39,14,10,4,0,0,0,21,13,8,3,0,3,0,0,0,32,13,19,16,11,5
madhya pradesh,tripura,349,200,149,84,80,4,0,0,0,25,21,4,38,0,38,4,4,0,165,72,93,33,23,10
madhya pradesh,meghalaya,377,197,180,56,53,3,1,1,0,40,29,11,24,1,23,9,5,4,201,74,127,46,34,12
madhya pradesh,assam,4539,2250,2289,898,824,74,38,33,5,152,114,38,531,9,522,94,58,36,2338,889,1449,488,323,165
madhya pradesh,west bengal,37339,19329,18010,12184,11462,722,653,585,68,487,356,131,7220,57,7163,1133,618,515,11592,3819,7773,4070,2432,1638
madhya pradesh,jharkhand,23789,12752,11037,7919,7268,651,266,242,24,776,602,174,3405,41,3364,602,335,267,8631,2900,5731,2190,1364,826
madhya pradesh,odisha,16330,8536,7794,6173,5786,387,71,65,6,340,231,109,3420,33,3387,348,174,174,4416,1412,3004,1562,835,727
madhya pradesh,chhattisgarh,190014,77417,112597,44084,37834,6250,963,724,239,6478,4372,2106,58859,852,58007,5751,3206,2545,54710,20506,34204,19169,9923,9246
madhya pradesh,madhya pradesh,0,0,0,0,0,0,0,0,0,0,0,0,0,0,0,0,0,0,0,0,0,0,0,0
madhya pradesh,gujarat,53063,18816,34247,6876,6205,671,890,784,106,363,243,120,20749,170,20579,3848,2280,1568,12094,4758,7336,8243,4376,3867
madhya pradesh,daman & diu,23,14,9,5,5,0,1,1,0,3,1,2,4,1,3,6,3,3,1,0,1,3,3,0
madhya pradesh,dadra & nagar haveli,137,47,90,16,14,2,1,1,0,3,3,0,55,1,54,13,6,7,27,8,19,22,14,8
madhya pradesh,maharashtra,373781,111622,262159,52355,46414,5941,1873,1423,450,1972,1316,656,181159,1881,179278,31151,18237,12914,66602,24734,41868,38669,17617,21052
madhya pradesh,andhra pradesh,45792,13871,31921,6992,5971,1021,231,183,48,437,340,97,21303,159,21144,2658,1582,1076,8507,3038,5469,5664,2598,3066
madhya pradesh,karnataka,10536,4220,6316,2059,1818,241,68,53,15,345,256,89,3262,25,3237,429,239,190,3079,1152,1927,1294,677,617
madhya pradesh,goa,589,274,315,131,105,26,7,6,1,18,5,13,92,2,90,17,9,8,240,98,142,84,49,35
madhya pradesh,lakshadweep,2,2,0,1,1,0,0,0,0,0,0,0,0,0,0,0,0,0,0,0,0,1,1,0
madhya pradesh,kerala,24603,11694,12909,9871,7102,2769,153,120,33,1393,703,690,3562,44,3518,1230,632,598,5433,1732,3701,2961,1361,1600
madhya pradesh,tamil nadu,11885,6134,5751,3756,3370,386,175,149,26,228,164,64,1760,16,1744,524,284,240,3907,1247,2660,1535,904,631
madhya pradesh,puducherry,88,39,49,15,14,1,1,1,0,4,4,0,19,0,19,3,2,1,26,6,20,20,12,8
madhya pradesh,andaman & nicobar islands,155,77,78,14,10,4,1,1,0,41,29,12,11,0,11,5,3,2,63,20,43,20,14,6
maharashtra,jammu & kashmir,15818,9352,6466,4163,3992,171,204,187,17,1761,1165,596,1264,21,1243,502,288,214,5537,2100,3437,2387,1599,788
maharashtra,himachal pradesh,13616,8170,5446,4356,4217,139,134,122,12,1235,1056,179,2092,24,2068,736,455,281,3398,1265,2133,1665,1031,634
maharashtra,punjab,67881,36867,31014,18823,18051,772,1537,1417,120,1527,1130,397,12133,137,11996,4176,2534,1642,20383,8070,12313,9302,5528,3774
maharashtra,chandigargh,5713,2965,2748,1321,1206,115,64,55,9,267,181,86,708,8,700,348,206,142,2286,883,1403,719,426,293
maharashtra,uttranchal,35690,21723,13967,14252,13931,321,216,188,28,879,693,186,5838,54,5784,1508,918,590,8270,3041,5229,4727,2898,1829
maharashtra,haryana,39839,21989,17850,10956,10360,596,941,867,74,1067,815,252,5968,59,5909,2402,1438,964,13263,5246,8017,5242,3204,2038
maharashtra,nct of delhi,69266,35758,33508,16772,15311,1461,1276,1169,107,3739,2627,1112,10435,116,10319,4326,2442,1884,23887,9205,14682,8831,4888,3943
maharashtra,rajasthan,431190,262366,168824,145139,141595,3544,20744,19951,793,6375,5486,889,73505,754,72751,36734,22195,14539,96815,40017,56798,51878,32368,19510
maharashtra,uttar pradesh,2072193,1425826,646367,1005359,988814,16545,22930,21588,1342,20026,17044,2982,281988,3638,278350,103741,61832,41909,367062,149877,217185,271087,183033,88054
maharashtra,bihar,361351,272379,88972,206374,203188,3186,2339,2202,137,6802,6061,741,31806,453,31353,13250,7518,5732,60894,24080,36814,39886,28877,11009
maharashtra,sikkim,636,364,272,170,154,16,7,7,0,75,51,24,54,0,54,31,16,15,172,56,116,127,80,47
maharashtra,arunachal pradesh,797,455,342,197,186,11,3,2,1,107,77,30,75,0,75,47,24,23,292,115,177,76,51,25
maharashtra,nagaland,851,513,338,157,140,17,5,5,0,285,192,93,35,0,35,12,6,6,264,105,159,93,65,28
maharashtra,manipur,2076,1335,741,481,435,46,17,15,2,810,534,276,129,2,127,45,25,20,310,134,176,284,190,94
maharashtra,mizoram,602,357,245,63,56,7,2,2,0,353,223,130,21,0,21,5,3,2,107,40,67,51,33,18
maharashtra,tripura,1243,725,518,387,371,16,10,8,2,103,76,27,124,1,123,52,23,29,376,133,243,191,113,78
maharashtra,meghalaya,1486,784,702,306,255,51,5,5,0,295,192,103,110,0,110,28,11,17,574,224,350,168,97,71
maharashtra,assam,17055,10203,6852,5461,5154,307,200,183,17,1452,1111,341,1444,21,1423,536,311,225,5783,2073,3710,2179,1350,829
maharashtra,west bengal,209044,138563,70481,104726,100172,4554,2772,2553,219,3974,3021,953,27020,281,26739,8655,4759,3896,39817,14318,25499,22080,13459,8621
maharashtra,jharkhand,58208,42470,15738,32110,30990,1120,439,411,28,2720,2050,670,5184,72,5112,2073,1144,929,9801,3801,6000,5881,4002,1879
maharashtra,odisha,91170,61631,29539,48115,46010,2105,384,339,45,1502,1214,288,12379,110,12269,4126,2304,1822,14913,5447,9466,9751,6207,3544
maharashtra,chhattisgarh,205337,98339,106998,69419,52385,17034,599,506,93,1605,1146,459,32613,707,31906,10886,5929,4957,69102,26137,42965,21113,11529,9584
maharashtra,madhya pradesh,589745,257510,332235,151410,130308,21102,3255,2874,381,7768,5946,1822,178931,2322,176609,39344,23391,15953,142954,56946,86008,66083,35723,30360
maharashtra,gujarat,849045,411645,437400,181406,171800,9606,22582,21211,1371,16840,13273,3567,222916,2617,220299,101729,60411,41318,183078,76749,106329,120494,65584,54910
maharashtra,daman & diu,1924,921,1003,398,367,31,27,21,6,67,50,17,480,3,477,216,132,84,437,188,249,299,160,139
maharashtra,dadra & nagar haveli,1624,509,1115,200,190,10,3,3,0,43,30,13,728,17,711,116,62,54,206,91,115,328,116,212
maharashtra,maharashtra,0,0,0,0,0,0,0,0,0,0,0,0,0,0,0,0,0,0,0,0,0,0,0,0
maharashtra,andhra pradesh,431774,205836,225938,129525,113937,15588,2569,2220,349,4753,3625,1128,107766,1402,106364,33698,19121,14577,100340,37406,62934,53123,28125,24998
maharashtra,karnataka,1165351,536236,629115,317020,273129,43891,6245,5418,827,11330,8441,2889,314494,2489,312005,135184,79474,55710,235617,92281,143336,145461,75004,70457
maharashtra,goa,60585,25369,35216,12545,10858,1687,289,234,55,2074,1419,655,18019,189,17830,7796,4272,3524,10669,3960,6709,9193,4437,4756
maharashtra,lakshadweep,68,42,26,27,26,1,1,1,0,2,2,0,6,0,6,4,3,1,18,4,14,10,6,4
maharashtra,kerala,258952,146458,112494,106853,96601,10252,2218,2052,166,5366,3259,2107,47695,478,47217,26557,14280,12277,42805,14837,27968,27458,14951,12507
maharashtra,tamil nadu,249989,139438,110551,92765,86718,6047,2480,2288,192,2470,1679,791,49592,582,49010,21494,11852,9642,49747,18276,31471,31441,18043,13398
maharashtra,puducherry,1766,976,790,511,478,33,19,17,2,65,55,10,330,5,325,170,96,74,399,170,229,272,155,117
maharashtra,andaman & nicobar islands,1254,603,651,187,173,14,9,8,1,80,54,26,61,1,60,36,22,14,730,259,471,151,86,65
manipur,jammu & kashmir,62,47,15,7,7,0,2,2,0,0,0,0,1,0,1,1,1,0,22,9,13,29,28,1
manipur,himachal pradesh,76,55,21,11,11,0,1,1,0,1,0,1,4,0,4,0,0,0,16,4,12,43,39,4
manipur,punjab,170,102,68,13,11,2,10,8,2,1,0,1,16,0,16,2,1,1,33,12,21,95,70,25
manipur,chandigargh,26,12,14,0,0,0,1,1,0,0,0,0,0,0,0,1,0,1,10,5,5,14,6,8
manipur,uttranchal,394,248,146,18,17,1,7,6,1,2,1,1,3,0,3,1,0,1,89,38,51,274,186,88
manipur,haryana,189,130,59,11,10,1,25,23,2,3,1,2,7,0,7,0,0,0,60,25,35,83,71,12
manipur,nct of delhi,155,89,66,16,15,1,8,6,2,5,2,3,17,0,17,0,0,0,29,16,13,80,50,30
manipur,rajasthan,638,392,246,38,35,3,128,117,11,3,3,0,46,0,46,2,2,0,87,41,46,334,194,140
manipur,uttar pradesh,797,523,274,110,106,4,98,83,15,11,10,1,50,5,45,1,1,0,197,83,114,330,235,95
manipur,bihar,1902,1340,562,351,328,23,470,416,54,3,3,0,112,5,107,11,8,3,313,130,183,642,450,192
manipur,sikkim,125,70,55,16,15,1,6,4,2,0,0,0,24,2,22,1,0,1,53,32,21,25,17,8
manipur,arunachal pradesh,355,198,157,11,6,5,0,0,0,29,28,1,26,0,26,0,0,0,47,23,24,242,141,101
manipur,nagaland,627,298,329,50,33,17,7,4,3,36,29,7,106,7,99,4,3,1,189,83,106,235,139,96
manipur,manipur,0,0,0,0,0,0,0,0,0,0,0,0,0,0,0,0,0,0,0,0,0,0,0,0
manipur,mizoram,435,209,226,70,40,30,14,9,5,11,9,2,53,4,49,0,0,0,126,73,53,161,74,87
manipur,tripura,646,352,294,98,82,16,21,17,4,9,8,1,102,4,98,0,0,0,242,120,122,174,121,53
manipur,meghalaya,733,344,389,33,12,21,9,6,3,4,2,2,80,8,72,6,3,3,217,114,103,384,199,185
manipur,assam,5057,2339,2718,633,565,68,291,258,33,25,9,16,1504,56,1448,18,14,4,1460,786,674,1126,651,475
manipur,west bengal,703,379,324,108,101,7,45,40,5,6,6,0,80,3,77,1,1,0,139,61,78,324,167,157
manipur,jharkhand,242,192,50,124,119,5,12,10,2,0,0,0,19,7,12,0,0,0,28,10,18,59,46,13
manipur,odisha,117,73,44,24,22,2,6,4,2,4,3,1,5,1,4,0,0,0,36,12,24,42,31,11
manipur,chhattisgarh,17,11,6,2,2,0,1,1,0,0,0,0,3,0,3,0,0,0,2,1,1,9,7,2
manipur,madhya pradesh,140,115,25,16,13,3,2,1,1,2,2,0,6,0,6,0,0,0,14,4,10,100,95,5
manipur,gujarat,47,30,17,5,5,0,2,2,0,1,1,0,1,0,1,0,0,0,16,5,11,22,17,5
manipur,daman & diu,2,1,1,0,0,0,0,0,0,0,0,0,1,0,1,0,0,0,0,0,0,1,1,0
manipur,dadra & nagar haveli,0,0,0,0,0,0,0,0,0,0,0,0,0,0,0,0,0,0,0,0,0,0,0,0
manipur,maharashtra,272,178,94,7,6,1,1,1,0,2,2,0,10,0,10,1,1,0,34,9,25,217,159,58
manipur,andhra pradesh,183,147,36,7,6,1,10,7,3,0,0,0,6,0,6,1,0,1,24,9,15,135,125,10
manipur,karnataka,64,41,23,2,2,0,0,0,0,5,3,2,1,0,1,0,0,0,25,9,16,31,27,4
manipur,goa,5,3,2,2,1,1,0,0,0,0,0,0,1,0,1,0,0,0,0,0,0,2,2,0
manipur,lakshadweep,0,0,0,0,0,0,0,0,0,0,0,0,0,0,0,0,0,0,0,0,0,0,0,0
manipur,kerala,270,160,110,74,52,22,7,6,1,0,0,0,14,1,13,3,2,1,27,8,19,145,91,54
manipur,tamil nadu,331,197,134,29,25,4,81,62,19,3,3,0,27,1,26,0,0,0,109,41,68,82,65,17
manipur,puducherry,0,0,0,0,0,0,0,0,0,0,0,0,0,0,0,0,0,0,0,0,0,0,0,0
manipur,andaman & nicobar islands,3,1,2,0,0,0,0,0,0,0,0,0,1,0,1,0,0,0,0,0,0,2,1,1
meghalaya,jammu & kashmir,329,159,170,41,40,1,2,2,0,11,9,2,12,0,12,5,4,1,184,64,120,74,40,34
meghalaya,himachal pradesh,338,188,150,57,55,2,6,6,0,23,12,11,16,2,14,1,0,1,121,48,73,114,65,49
meghalaya,punjab,1131,620,511,246,197,49,28,25,3,22,11,11,104,13,91,30,18,12,330,98,232,371,258,113
meghalaya,chandigargh,74,34,40,16,15,1,8,6,2,6,2,4,4,0,4,4,3,1,24,3,21,12,5,7
meghalaya,uttranchal,913,538,375,124,116,8,12,12,0,23,12,11,82,2,80,15,6,9,231,80,151,426,310,116
meghalaya,haryana,639,340,299,102,99,3,27,27,0,30,21,9,51,1,50,16,8,8,236,77,159,177,107,70
meghalaya,nct of delhi,533,276,257,104,92,12,21,18,3,27,17,10,49,6,43,23,11,12,177,59,118,132,73,59
meghalaya,rajasthan,2176,1340,836,459,445,14,323,320,3,44,27,17,265,8,257,48,27,21,545,195,350,492,318,174
meghalaya,uttar pradesh,3051,1746,1305,696,666,30,192,188,4,87,58,29,345,19,326,83,51,32,785,259,526,863,505,358
meghalaya,bihar,11244,7489,3755,3639,3527,112,960,926,34,130,98,32,1415,37,1378,198,112,86,1970,808,1162,2932,1981,951
meghalaya,sikkim,210,171,39,31,26,5,2,1,1,5,3,2,13,3,10,1,1,0,19,7,12,139,130,9
meghalaya,arunachal pradesh,457,241,216,78,57,21,13,11,2,67,39,28,22,4,18,8,6,2,127,43,84,142,81,61
meghalaya,nagaland,1496,883,613,163,130,33,20,15,5,614,357,257,71,15,56,24,16,8,216,89,127,388,261,127
meghalaya,manipur,3670,2148,1522,568,444,124,60,49,11,1153,745,408,193,29,164,51,30,21,664,235,429,981,616,365
meghalaya,mizoram,1591,835,756,273,211,62,16,8,8,338,185,153,136,10,126,14,7,7,314,102,212,500,312,188
meghalaya,tripura,2335,1461,874,627,593,34,161,152,9,297,237,60,372,29,343,25,11,14,372,149,223,481,290,191
meghalaya,meghalaya,0,0,0,0,0,0,0,0,0,0,0,0,0,0,0,0,0,0,0,0,0,0,0,0
meghalaya,assam,43185,22175,21010,8720,7566,1154,2198,2031,167,779,525,254,11436,1669,9767,498,285,213,7878,3357,4521,11676,6742,4934
meghalaya,west bengal,5357,2852,2505,1310,1196,114,419,397,22,102,57,45,1198,70,1128,111,58,53,930,337,593,1287,737,550
meghalaya,jharkhand,802,516,286,337,318,19,11,11,0,60,33,27,63,5,58,10,5,5,164,48,116,157,96,61
meghalaya,odisha,443,266,177,132,125,7,8,7,1,7,7,0,38,6,32,7,6,1,93,23,70,158,92,66
meghalaya,chhattisgarh,46,25,21,10,9,1,1,1,0,3,2,1,4,0,4,2,2,0,13,4,9,13,7,6
meghalaya,madhya pradesh,298,168,130,56,55,1,8,8,0,16,14,2,17,0,17,2,2,0,115,39,76,84,50,34
meghalaya,gujarat,247,133,114,40,39,1,4,3,1,25,17,8,7,0,7,11,8,3,99,26,73,61,40,21
meghalaya,daman & diu,0,0,0,0,0,0,0,0,0,0,0,0,0,0,0,0,0,0,0,0,0,0,0,0
meghalaya,dadra & nagar haveli,0,0,0,0,0,0,0,0,0,0,0,0,0,0,0,0,0,0,0,0,0,0,0,0
meghalaya,maharashtra,434,216,218,90,83,7,7,7,0,8,4,4,34,4,30,12,2,10,136,39,97,147,77,70
meghalaya,andhra pradesh,344,179,165,85,79,6,5,4,1,4,2,2,20,1,19,7,3,4,125,36,89,98,54,44
meghalaya,karnataka,319,198,121,103,97,6,12,8,4,3,2,1,20,4,16,9,5,4,73,21,52,99,61,38
meghalaya,goa,31,19,12,9,7,2,1,1,0,0,0,0,0,0,0,0,0,0,12,6,6,9,5,4
meghalaya,lakshadweep,0,0,0,0,0,0,0,0,0,0,0,0,0,0,0,0,0,0,0,0,0,0,0,0
meghalaya,kerala,911,501,410,277,219,58,9,9,0,50,17,33,58,9,49,15,9,6,205,63,142,297,175,122
meghalaya,tamil nadu,464,256,208,130,122,8,5,4,1,23,8,15,38,3,35,13,6,7,118,38,80,137,75,62
meghalaya,puducherry,5,3,2,1,1,0,0,0,0,0,0,0,0,0,0,0,0,0,4,2,2,0,0,0
meghalaya,andaman & nicobar islands,9,4,5,3,2,1,0,0,0,0,0,0,0,0,0,2,1,1,4,1,3,0,0,0
mizoram,jammu & kashmir,124,85,39,7,6,1,0,0,0,2,1,1,1,0,1,0,0,0,57,23,34,57,55,2
mizoram,himachal pradesh,111,62,49,31,27,4,1,0,1,6,4,2,11,1,10,1,1,0,51,24,27,10,5,5
mizoram,punjab,93,52,41,25,22,3,0,0,0,1,1,0,5,0,5,1,1,0,43,18,25,18,10,8
mizoram,chandigargh,14,10,4,3,2,1,0,0,0,1,1,0,0,0,0,0,0,0,5,2,3,5,5,0
mizoram,uttranchal,167,96,71,54,47,7,2,1,1,1,0,1,15,4,11,2,0,2,47,12,35,46,32,14
mizoram,haryana,77,47,30,21,19,2,2,2,0,2,2,0,3,1,2,0,0,0,33,13,20,16,10,6
mizoram,nct of delhi,159,91,68,44,38,6,1,1,0,4,3,1,8,0,8,2,0,2,79,34,45,21,15,6
mizoram,rajasthan,134,92,42,33,30,3,22,20,2,4,2,2,4,0,4,0,0,0,43,17,26,28,23,5
mizoram,uttar pradesh,466,293,173,165,150,15,5,4,1,7,7,0,38,2,36,7,3,4,151,62,89,93,65,28
mizoram,bihar,1543,1227,316,838,815,23,68,65,3,14,8,6,88,12,76,8,5,3,269,104,165,258,218,40
mizoram,sikkim,38,23,15,13,12,1,0,0,0,2,0,2,4,2,2,1,0,1,11,4,7,7,5,2
mizoram,arunachal pradesh,248,127,121,65,50,15,3,1,2,39,15,24,13,5,8,3,1,2,93,37,56,32,18,14
mizoram,nagaland,404,202,202,93,61,32,3,2,1,38,16,22,9,0,9,3,1,2,192,87,105,66,35,31
mizoram,manipur,9640,5161,4479,1680,1260,420,172,115,57,332,159,173,510,82,428,55,26,29,4681,2275,2406,2210,1244,966
mizoram,mizoram,0,0,0,0,0,0,0,0,0,0,0,0,0,0,0,0,0,0,0,0,0,0,0,0
mizoram,tripura,3308,1816,1492,614,486,128,37,32,5,175,95,80,273,47,226,24,8,16,1606,810,796,579,338,241
mizoram,meghalaya,2084,1086,998,481,349,132,51,31,20,81,40,41,136,17,119,33,15,18,978,445,533,324,189,135
mizoram,assam,13067,9721,3346,6724,6266,458,586,562,24,135,81,54,626,70,556,95,51,44,2863,1294,1569,2038,1397,641
mizoram,west bengal,751,501,250,307,288,19,31,23,8,14,9,5,87,13,74,18,10,8,172,64,108,122,94,28
mizoram,jharkhand,1708,1548,160,1195,1178,17,7,7,0,5,3,2,47,19,28,4,2,2,135,48,87,315,291,24
mizoram,odisha,136,95,41,79,71,8,2,2,0,1,0,1,4,0,4,0,0,0,35,14,21,15,8,7
mizoram,chhattisgarh,12,8,4,8,7,1,0,0,0,0,0,0,0,0,0,0,0,0,3,0,3,1,1,0
mizoram,madhya pradesh,113,64,49,31,23,8,3,3,0,3,2,1,11,2,9,6,2,4,36,18,18,23,14,9
mizoram,gujarat,12,8,4,4,3,1,0,0,0,0,0,0,1,0,1,0,0,0,5,3,2,2,2,0
mizoram,daman & diu,0,0,0,0,0,0,0,0,0,0,0,0,0,0,0,0,0,0,0,0,0,0,0,0
mizoram,dadra & nagar haveli,0,0,0,0,0,0,0,0,0,0,0,0,0,0,0,0,0,0,0,0,0,0,0,0
mizoram,maharashtra,178,89,89,37,29,8,2,1,1,23,11,12,12,3,9,5,3,2,68,26,42,31,16,15
mizoram,andhra pradesh,62,38,24,19,19,0,0,0,0,0,0,0,1,0,1,1,1,0,21,10,11,20,8,12
mizoram,karnataka,59,30,29,25,12,13,0,0,0,3,3,0,1,0,1,0,0,0,17,8,9,13,7,6
mizoram,goa,21,7,14,2,2,0,0,0,0,0,0,0,1,0,1,0,0,0,14,5,9,4,0,4
mizoram,lakshadweep,0,0,0,0,0,0,0,0,0,0,0,0,0,0,0,0,0,0,0,0,0,0,0,0
mizoram,kerala,431,240,191,173,143,30,2,1,1,2,2,0,48,2,46,16,13,3,129,45,84,61,34,27
mizoram,tamil nadu,131,87,44,54,48,6,0,0,0,3,3,0,9,2,7,7,3,4,26,9,17,32,22,10
mizoram,puducherry,1,1,0,1,1,0,0,0,0,0,0,0,0,0,0,0,0,0,0,0,0,0,0,0
mizoram,andaman & nicobar islands,1,0,1,0,0,0,0,0,0,0,0,0,0,0,0,0,0,0,1,0,1,0,0,0
nagaland,jammu & kashmir,260,167,93,60,55,5,7,6,1,4,4,0,9,0,9,9,5,4,104,41,63,67,56,11
nagaland,himachal pradesh,338,208,130,28,25,3,8,4,4,7,6,1,15,1,14,13,9,4,97,22,75,170,141,29
nagaland,punjab,480,285,195,110,102,8,21,19,2,5,3,2,26,1,25,13,8,5,173,60,113,132,92,40
nagaland,chandigargh,29,15,14,5,5,0,3,3,0,0,0,0,4,0,4,1,0,1,10,4,6,6,3,3
nagaland,uttranchal,1773,1026,747,217,189,28,68,63,5,51,38,13,115,6,109,14,8,6,517,173,344,791,549,242
nagaland,haryana,520,326,194,88,80,8,42,41,1,8,7,1,37,0,37,4,3,1,145,47,98,196,148,48
nagaland,nct of delhi,224,147,77,77,70,7,15,15,0,2,2,0,11,0,11,3,2,1,59,25,34,57,33,24
nagaland,rajasthan,2739,1861,878,412,398,14,772,749,23,20,16,4,234,4,230,71,38,33,544,218,326,686,438,248
nagaland,uttar pradesh,4917,3176,1741,1230,1158,72,548,517,31,32,21,11,392,3,389,103,51,52,1041,405,636,1571,1021,550
nagaland,bihar,12182,8852,3330,3879,3737,142,2138,2059,79,87,66,21,903,21,882,223,137,86,1747,608,1139,3205,2224,981
nagaland,sikkim,117,63,54,23,22,1,3,2,1,2,0,2,9,0,9,1,0,1,48,18,30,31,21,10
nagaland,arunachal pradesh,630,326,304,58,51,7,4,4,0,29,14,15,24,1,23,0,0,0,83,22,61,432,234,198
nagaland,nagaland,0,0,0,0,0,0,0,0,0,0,0,0,0,0,0,0,0,0,0,0,0,0,0,0
nagaland,manipur,6699,3606,3093,1712,1371,341,434,326,108,274,149,125,624,14,610,75,41,34,1653,670,983,1927,1035,892
nagaland,mizoram,248,130,118,49,40,9,12,11,1,30,17,13,22,0,22,5,3,2,45,14,31,85,45,40
nagaland,tripura,2188,1429,759,656,627,29,349,335,14,10,5,5,259,3,256,12,6,6,383,117,266,519,336,183
nagaland,meghalaya,596,319,277,164,127,37,12,10,2,35,20,15,66,1,65,7,2,5,130,50,80,182,109,73
nagaland,assam,35249,21287,13962,10618,9342,1276,4125,3889,236,228,159,69,4374,73,4301,482,251,231,6784,2443,4341,8638,5130,3508
nagaland,west bengal,3673,2223,1450,1158,1051,107,407,373,34,39,27,12,424,6,418,41,23,18,738,208,530,866,535,331
nagaland,jharkhand,2471,1810,661,864,820,44,241,226,15,15,13,2,179,1,178,29,16,13,401,154,247,742,580,162
nagaland,odisha,1519,952,567,520,488,32,103,94,9,10,8,2,171,1,170,13,10,3,302,91,211,400,260,140
nagaland,chhattisgarh,147,90,57,53,47,6,11,11,0,2,2,0,12,0,12,0,0,0,37,9,28,32,21,11
nagaland,madhya pradesh,317,190,127,77,72,5,28,25,3,2,2,0,26,0,26,8,5,3,83,34,49,93,52,41
nagaland,gujarat,344,230,114,63,56,7,47,45,2,3,3,0,23,0,23,3,2,1,53,19,34,152,105,47
nagaland,daman & diu,4,2,2,0,0,0,0,0,0,0,0,0,0,0,0,0,0,0,2,1,1,2,1,1
nagaland,dadra & nagar haveli,0,0,0,0,0,0,0,0,0,0,0,0,0,0,0,0,0,0,0,0,0,0,0,0
nagaland,maharashtra,609,355,254,108,95,13,19,16,3,11,10,1,18,0,18,11,7,4,137,39,98,305,188,117
nagaland,andhra pradesh,512,326,186,161,149,12,45,43,2,8,5,3,50,1,49,8,8,0,114,36,78,126,84,42
nagaland,karnataka,222,133,89,90,70,20,20,15,5,4,4,0,13,0,13,0,0,0,39,9,30,56,35,21
nagaland,goa,16,11,5,9,6,3,1,1,0,0,0,0,1,0,1,0,0,0,3,3,0,2,1,1
nagaland,lakshadweep,0,0,0,0,0,0,0,0,0,0,0,0,0,0,0,0,0,0,0,0,0,0,0,0
nagaland,kerala,1608,974,634,648,515,133,50,45,5,38,23,15,97,2,95,30,12,18,324,107,217,421,270,151
nagaland,tamil nadu,888,539,349,254,215,39,43,41,2,7,5,2,52,1,51,8,7,1,146,48,98,378,222,156
nagaland,puducherry,53,35,18,12,10,2,9,9,0,2,2,0,5,0,5,0,0,0,18,8,10,7,6,1
nagaland,andaman & nicobar islands,5,2,3,1,1,0,0,0,0,0,0,0,0,0,0,0,0,0,3,0,3,1,1,0
odisha,jammu & kashmir,1044,614,430,197,176,21,51,46,5,20,16,4,70,2,68,11,7,4,422,160,262,273,207,66
odisha,himachal pradesh,731,405,326,167,160,7,59,55,4,21,21,0,134,6,128,15,9,6,224,87,137,111,67,44
odisha,punjab,6409,3522,2887,1393,1321,72,767,719,48,83,65,18,1114,20,1094,118,70,48,1827,673,1154,1107,654,453
odisha,chandigargh,625,247,378,69,60,9,29,26,3,17,12,5,180,2,178,14,6,8,220,86,134,96,55,41
odisha,uttranchal,924,512,412,204,194,10,45,45,0,18,15,3,145,3,142,19,11,8,360,161,199,133,83,50
odisha,haryana,4999,2819,2180,658,588,70,1088,1019,69,64,53,11,945,17,928,77,51,26,1424,609,815,743,482,261
odisha,nct of delhi,4000,2325,1675,921,844,77,216,195,21,116,74,42,428,4,424,74,44,30,1389,529,860,856,635,221
odisha,rajasthan,10651,5739,4912,1378,1294,84,2019,1919,100,128,92,36,2001,35,1966,176,112,64,3424,1384,2040,1525,903,622
odisha,uttar pradesh,25801,14753,11048,6378,6124,254,2969,2774,195,336,285,51,4464,102,4362,393,247,146,7339,2809,4530,3922,2412,1510
odisha,bihar,78105,44685,33420,18885,18057,828,10355,9814,541,976,836,140,15024,262,14762,1263,773,490,19718,7729,11989,11884,7214,4670
odisha,sikkim,92,61,31,32,31,1,2,1,1,3,3,0,8,0,8,3,3,0,25,10,15,19,13,6
odisha,arunachal pradesh,271,145,126,75,69,6,3,2,1,14,9,5,37,0,37,3,2,1,92,39,53,47,24,23
odisha,nagaland,192,108,84,35,33,2,4,3,1,15,12,3,11,0,11,0,0,0,92,36,56,35,24,11
odisha,manipur,263,157,106,68,59,9,7,7,0,38,26,12,22,1,21,3,1,2,75,31,44,50,32,18
odisha,mizoram,36,13,23,2,1,1,2,1,1,1,1,0,13,0,13,1,1,0,12,5,7,5,4,1
odisha,tripura,363,216,147,96,91,5,13,12,1,44,34,10,53,1,52,4,2,2,99,38,61,54,38,16
odisha,meghalaya,188,107,81,41,37,4,3,3,0,43,32,11,22,0,22,4,1,3,48,19,29,27,15,12
odisha,assam,2973,1567,1406,571,524,47,99,90,9,111,91,20,441,14,427,52,35,17,1196,501,695,503,312,191
odisha,west bengal,140860,57114,83746,20372,18820,1552,10546,10006,540,1529,1160,369,55259,825,54434,1838,1132,706,32646,14625,18021,18670,10546,8124
odisha,jharkhand,137859,47604,90255,24535,21199,3336,3800,3431,369,1892,1268,624,62332,1152,61180,1397,829,568,26772,11373,15399,17131,8352,8779
odisha,odisha,0,0,0,0,0,0,0,0,0,0,0,0,0,0,0,0,0,0,0,0,0,0,0,0
odisha,chhattisgarh,95521,21008,74513,6870,5341,1529,1545,1232,313,319,229,90,59173,1283,57890,925,527,398,15234,7232,8002,11455,5164,6291
odisha,madhya pradesh,10523,4514,6009,1721,1551,170,437,379,58,107,89,18,3125,54,3071,147,92,55,2975,1205,1770,2011,1144,867
odisha,gujarat,10339,6942,3397,1517,1451,66,1041,952,89,79,64,15,1289,29,1260,188,119,69,2307,920,1387,3918,3407,511
odisha,daman & diu,23,13,10,5,5,0,0,0,0,1,1,0,2,0,2,0,0,0,7,0,7,8,7,1
odisha,dadra & nagar haveli,15,11,4,1,1,0,2,2,0,1,1,0,4,1,3,0,0,0,2,1,1,5,5,0
odisha,maharashtra,7447,3864,3583,1468,1339,129,425,352,73,107,85,22,1249,25,1224,177,111,66,2464,891,1573,1557,1061,496
odisha,andhra pradesh,108240,40792,67448,17475,15430,2045,7080,5971,1109,680,476,204,39877,779,39098,3191,1832,1359,24771,8939,15832,15166,7365,7801
odisha,karnataka,2155,1183,972,565,509,56,86,72,14,69,50,19,271,9,262,29,17,12,745,252,493,390,274,116
odisha,goa,223,108,115,40,32,8,8,2,6,11,7,4,21,0,21,1,1,0,108,42,66,34,24,10
odisha,lakshadweep,0,0,0,0,0,0,0,0,0,0,0,0,0,0,0,0,0,0,0,0,0,0,0,0
odisha,kerala,6568,3492,3076,2291,1835,456,480,443,37,140,95,45,893,16,877,212,111,101,1625,498,1127,927,494,433
odisha,tamil nadu,5078,2918,2160,1400,1268,132,604,521,83,105,82,23,620,10,610,106,56,50,1461,487,974,782,494,288
odisha,puducherry,94,41,53,22,21,1,3,2,1,5,3,2,17,0,17,3,2,1,23,4,19,21,9,12
odisha,andaman & nicobar islands,188,76,112,25,18,7,5,4,1,19,11,8,31,0,31,2,1,1,77,28,49,29,14,15
puducherry,jammu & kashmir,72,51,21,19,18,1,3,2,1,9,6,3,1,0,1,2,1,1,27,15,12,11,9,2
puducherry,himachal pradesh,47,25,22,5,5,0,0,0,0,24,13,11,0,0,0,0,0,0,7,3,4,11,4,7
puducherry,punjab,126,72,54,35,34,1,2,1,1,8,7,1,3,0,3,5,0,5,52,18,34,21,12,9
puducherry,chandigargh,26,15,11,7,7,0,0,0,0,1,1,0,2,0,2,1,0,1,7,2,5,8,5,3
puducherry,uttranchal,29,13,16,7,7,0,0,0,0,0,0,0,1,0,1,0,0,0,17,4,13,4,2,2
puducherry,haryana,151,82,69,42,37,5,0,0,0,12,11,1,5,1,4,5,2,3,61,21,40,26,10,16
puducherry,nct of delhi,595,321,274,147,127,20,7,7,0,39,21,18,20,2,18,23,16,7,268,98,170,91,50,41
puducherry,rajasthan,784,435,349,185,182,3,59,56,3,12,8,4,118,5,113,60,38,22,289,110,179,61,36,25
puducherry,uttar pradesh,838,509,329,282,260,22,24,23,1,48,37,11,45,1,44,16,8,8,320,126,194,103,54,49
puducherry,bihar,537,371,166,251,239,12,2,2,0,33,27,6,29,2,27,7,3,4,160,64,96,55,34,21
puducherry,sikkim,10,3,7,0,0,0,0,0,0,9,3,6,0,0,0,0,0,0,1,0,1,0,0,0
puducherry,arunachal pradesh,42,30,12,9,9,0,0,0,0,14,14,0,1,0,1,4,3,1,11,4,7,3,0,3
puducherry,nagaland,27,19,8,3,3,0,0,0,0,11,11,0,2,0,2,1,0,1,6,2,4,4,3,1
puducherry,manipur,23,16,7,5,5,0,0,0,0,10,9,1,2,0,2,0,0,0,6,2,4,0,0,0
puducherry,mizoram,17,14,3,4,4,0,0,0,0,7,6,1,0,0,0,0,0,0,4,2,2,2,2,0
puducherry,tripura,39,20,19,10,10,0,0,0,0,7,3,4,0,0,0,0,0,0,17,5,12,5,2,3
puducherry,meghalaya,52,16,36,6,5,1,0,0,0,12,6,6,13,1,12,0,0,0,16,2,14,5,2,3
puducherry,assam,340,151,189,68,60,8,3,3,0,6,3,3,73,8,65,20,10,10,134,47,87,36,20,16
puducherry,west bengal,1075,554,521,252,218,34,11,9,2,57,31,26,75,8,67,29,16,13,310,121,189,341,151,190
puducherry,jharkhand,108,52,56,11,7,4,3,3,0,21,17,4,23,1,22,2,1,1,39,18,21,9,5,4
puducherry,odisha,1057,678,379,451,419,32,9,9,0,31,20,11,48,3,45,15,6,9,221,78,143,282,143,139
puducherry,chhattisgarh,51,26,25,6,6,0,0,0,0,7,6,1,2,0,2,17,6,11,14,6,8,5,2,3
puducherry,madhya pradesh,220,121,99,73,66,7,2,2,0,11,9,2,24,2,22,4,2,2,82,25,57,24,15,9
puducherry,gujarat,1822,945,877,289,268,21,22,20,2,35,18,17,179,10,169,67,32,35,884,393,491,346,204,142
puducherry,daman & diu,7,3,4,2,2,0,0,0,0,0,0,0,1,0,1,1,0,1,3,1,2,0,0,0
puducherry,dadra & nagar haveli,6,4,2,2,2,0,0,0,0,1,1,0,0,0,0,0,0,0,3,1,2,0,0,0
puducherry,maharashtra,1475,735,740,306,269,37,25,23,2,32,18,14,191,17,174,91,53,38,582,221,361,248,134,114
puducherry,andhra pradesh,17383,8023,9360,3937,3453,484,205,182,23,602,473,129,4144,359,3785,1242,668,574,5248,1820,3428,2005,1068,937
puducherry,karnataka,2248,1079,1169,506,434,72,30,26,4,65,39,26,399,36,363,148,73,75,811,314,497,289,157,132
puducherry,goa,55,37,18,24,20,4,1,1,0,2,2,0,0,0,0,0,0,0,23,11,12,5,3,2
puducherry,lakshadweep,8,6,2,4,3,1,0,0,0,2,2,0,0,0,0,0,0,0,2,1,1,0,0,0
puducherry,kerala,12816,5354,7462,1651,1315,336,104,94,10,565,411,154,4240,639,3601,1259,700,559,3565,1496,2069,1432,699,733
puducherry,tamil nadu,210513,82441,128072,34945,30693,4252,2380,2028,352,3647,2153,1494,81348,7402,73946,14236,8138,6098,51342,21127,30215,22615,10900,11715
puducherry,puducherry,0,0,0,0,0,0,0,0,0,0,0,0,0,0,0,0,0,0,0,0,0,0,0,0
puducherry,andaman & nicobar islands,128,67,61,28,24,4,0,0,0,27,14,13,10,1,9,4,3,1,39,13,26,20,12,8
punjab,jammu & kashmir,49241,16180,33061,6740,5670,1070,549,355,194,447,287,160,21400,212,21188,763,472,291,11182,4959,6223,8160,4225,3935
punjab,himachal pradesh,158898,60324,98574,33881,30525,3356,1125,735,390,1153,809,344,64166,648,63518,6236,3699,2537,29827,12356,17471,22510,11552,10958
punjab,punjab,0,0,0,0,0,0,0,0,0,0,0,0,0,0,0,0,0,0,0,0,0,0,0,0
punjab,chandigargh,76669,35192,41477,9265,8015,1250,427,298,129,1125,673,452,15950,180,15770,7277,4180,3097,29002,14269,14733,13623,7577,6046
punjab,uttranchal,41728,20983,20745,12546,11463,1083,245,170,75,507,354,153,8641,116,8525,1112,641,471,11399,4193,7206,7278,4046,3232
punjab,haryana,360837,85104,275733,34656,29753,4903,1985,1236,749,1727,1060,667,211943,1831,210112,16422,9936,6486,49270,21473,27797,44834,19815,25019
punjab,nct of delhi,54989,19233,35756,6109,5222,887,627,440,187,646,382,264,20074,244,19830,2743,1649,1094,13473,5951,7522,11317,5345,5972
punjab,rajasthan,137220,42786,94434,21674,17100,4574,873,563,310,467,335,132,64037,551,63486,5958,3704,2254,24835,10721,14114,19376,9812,9564
punjab,uttar pradesh,460858,283548,177310,200661,180225,20436,2973,2253,720,1530,1057,473,56474,1045,55429,9135,5308,3827,110822,44065,66757,79263,49595,29668
punjab,bihar,238813,174465,64348,134220,125952,8268,1252,1002,250,626,499,127,18503,457,18046,3217,1789,1428,42491,17156,25335,38504,27610,10894
punjab,sikkim,315,149,166,46,39,7,2,2,0,5,5,0,26,2,24,1,0,1,194,73,121,41,28,13
punjab,arunachal pradesh,240,132,108,42,37,5,4,3,1,3,1,2,16,0,16,2,2,0,94,37,57,79,52,27
punjab,nagaland,254,125,129,36,32,4,1,0,1,4,1,3,21,0,21,5,3,2,143,62,81,44,27,17
punjab,manipur,603,415,188,287,281,6,14,12,2,17,8,9,55,0,55,3,1,2,115,43,72,112,70,42
punjab,mizoram,67,34,33,10,10,0,0,0,0,1,0,1,10,0,10,4,2,2,30,16,14,12,6,6
punjab,tripura,214,99,115,27,26,1,0,0,0,9,8,1,33,0,33,2,2,0,98,36,62,45,27,18
punjab,meghalaya,575,248,327,40,34,6,3,3,0,6,6,0,51,1,50,8,6,2,389,155,234,78,43,35
punjab,assam,9461,4218,5243,1562,1370,192,60,39,21,120,69,51,1814,25,1789,222,130,92,4050,1621,2429,1633,964,669
punjab,west bengal,44983,25473,19510,16611,15358,1253,314,233,81,339,272,67,8149,110,8039,942,564,378,11092,4258,6834,7536,4678,2858
punjab,jharkhand,21517,13928,7589,10106,9082,1024,139,98,41,96,68,28,2549,49,2500,337,191,146,4446,1856,2590,3844,2584,1260
punjab,odisha,9912,5961,3951,4142,3783,359,56,40,16,142,132,10,1433,18,1415,176,101,75,2038,746,1292,1925,1141,784
punjab,chhattisgarh,11332,5887,5445,4833,3127,1706,46,33,13,28,19,9,893,15,878,166,85,81,3075,1393,1682,2291,1215,1076
punjab,madhya pradesh,19380,9429,9951,4795,3833,962,96,62,34,151,90,61,3120,30,3090,555,343,212,6683,2766,3917,3980,2305,1675
punjab,gujarat,7359,3352,4007,1291,1069,222,78,58,20,71,44,27,1205,16,1189,283,166,117,2994,1175,1819,1437,824,613
punjab,daman & diu,11,5,6,1,1,0,0,0,0,0,0,0,5,0,5,3,3,0,0,0,0,2,1,1
punjab,dadra & nagar haveli,8,5,3,2,2,0,0,0,0,0,0,0,2,1,1,0,0,0,4,2,2,0,0,0
punjab,maharashtra,20999,9879,11120,3780,3330,450,172,118,54,177,108,69,3733,44,3689,760,460,300,8039,3224,4815,4338,2595,1743
punjab,andhra pradesh,5734,2606,3128,818,681,137,25,20,5,119,82,37,545,9,536,144,85,59,2780,990,1790,1303,739,564
punjab,karnataka,4642,2567,2075,1428,1348,80,20,13,7,61,42,19,384,3,381,75,40,35,1788,600,1188,886,521,365
punjab,goa,318,165,153,94,74,20,2,0,2,10,8,2,25,0,25,15,10,5,124,49,75,48,24,24
punjab,lakshadweep,0,0,0,0,0,0,0,0,0,0,0,0,0,0,0,0,0,0,0,0,0,0,0,0
punjab,kerala,5752,2629,3123,1514,1114,400,46,16,30,369,74,295,522,7,515,172,85,87,1901,617,1284,1228,716,512
punjab,tamil nadu,5950,3023,2927,1688,1322,366,18,12,6,68,55,13,485,8,477,94,59,35,2207,709,1498,1390,858,532
punjab,puducherry,97,52,45,17,16,1,2,1,1,0,0,0,22,0,22,3,1,2,18,10,8,35,24,11
punjab,andaman & nicobar islands,146,64,82,15,13,2,1,1,0,0,0,0,13,0,13,3,2,1,83,31,52,31,17,14
rajasthan,jammu & kashmir,5525,3011,2514,1153,1068,85,38,30,8,138,97,41,420,1,419,58,35,23,2646,995,1651,1072,785,287
rajasthan,himachal pradesh,7926,4186,3740,2265,2026,239,34,28,6,97,60,37,1077,17,1060,166,101,65,3077,1144,1933,1210,810,400
rajasthan,punjab,174533,65483,109050,31084,27918,3166,894,757,137,663,426,237,70534,388,70146,7403,4799,2604,47787,20959,26828,16168,10236,5932
rajasthan,chandigargh,2656,1178,1478,480,433,47,19,14,5,44,23,21,536,7,529,85,42,43,1150,427,723,342,232,110
rajasthan,uttranchal,18203,9064,9139,5235,4851,384,93,64,29,388,195,193,3089,26,3063,286,151,135,6837,2327,4510,2275,1450,825
rajasthan,haryana,351234,60483,290751,24302,21625,2677,1065,807,258,2067,1481,586,242313,1047,241266,5207,3070,2137,44557,18036,26521,31723,14417,17306
rajasthan,nct of delhi,45612,16815,28797,7117,6386,731,420,329,91,664,343,321,16616,122,16494,1285,734,551,13032,5041,7991,6478,3860,2618
rajasthan,rajasthan,0,0,0,0,0,0,0,0,0,0,0,0,0,0,0,0,0,0,0,0,0,0,0,0
rajasthan,uttar pradesh,369754,132131,237623,76094,70286,5808,1962,1497,465,3385,2146,1239,159925,1097,158828,4868,2893,1975,82763,30453,52310,40757,23759,16998
rajasthan,bihar,81130,52808,28322,37465,35929,1536,426,348,78,1084,651,433,8269,101,8168,1316,744,572,23212,8350,14862,9358,6685,2673
rajasthan,sikkim,251,118,133,43,41,2,0,0,0,21,13,8,44,1,43,5,2,3,103,39,64,35,22,13
rajasthan,arunachal pradesh,271,137,134,61,53,8,1,0,1,20,8,12,23,0,23,2,1,1,95,32,63,69,43,26
rajasthan,nagaland,422,241,181,79,74,5,8,7,1,21,11,10,29,0,29,5,4,1,192,77,115,88,68,20
rajasthan,manipur,1075,611,464,179,164,15,10,9,1,140,89,51,127,2,125,20,13,7,266,100,166,333,234,99
rajasthan,mizoram,89,47,42,27,26,1,0,0,0,9,3,6,7,0,7,1,0,1,30,10,20,15,8,7
rajasthan,tripura,883,431,452,230,223,7,4,4,0,30,13,17,172,1,171,18,8,10,286,108,178,143,74,69
rajasthan,meghalaya,783,360,423,103,94,9,7,7,0,31,21,10,129,1,128,17,11,6,369,137,232,127,89,38
rajasthan,assam,9505,4389,5116,1628,1518,110,190,173,17,218,124,94,2170,14,2156,204,138,66,3517,1318,2199,1578,1104,474
rajasthan,west bengal,45505,26108,19397,17722,16167,1555,566,471,95,402,236,166,6420,78,6342,902,529,373,13684,4800,8884,5809,3827,1982
rajasthan,jharkhand,10647,5983,4664,4003,3737,266,90,82,8,226,115,111,1840,16,1824,146,78,68,3127,1151,1976,1215,804,411
rajasthan,odisha,9666,5652,4014,3816,3508,308,51,41,10,78,43,35,1456,106,1350,185,95,90,2786,942,1844,1294,917,377
rajasthan,chhattisgarh,4974,2321,2653,1492,1128,364,25,19,6,53,24,29,846,11,835,113,61,52,1808,706,1102,637,372,265
rajasthan,madhya pradesh,361685,81743,279942,41988,33905,8083,1212,874,338,1439,1008,431,211431,1561,209870,11741,7052,4689,52760,19596,33164,41114,17747,23367
rajasthan,gujarat,139297,40566,98731,13935,12198,1737,859,706,153,574,374,200,71837,423,71414,8280,4773,3507,23618,9498,14120,20194,12594,7600
rajasthan,daman & diu,52,27,25,18,17,1,0,0,0,0,0,0,14,0,14,2,1,1,7,0,7,11,9,2
rajasthan,dadra & nagar haveli,44,18,26,3,3,0,1,1,0,1,1,0,17,0,17,0,0,0,10,1,9,12,12,0
rajasthan,maharashtra,45770,24126,21644,7758,7160,598,607,538,69,482,340,142,9912,110,9802,2333,1358,975,12125,4646,7479,12553,9974,2579
rajasthan,andhra pradesh,17035,6377,10658,2663,2366,297,125,97,28,557,400,157,6103,41,6062,520,299,221,4314,1530,2784,2753,1644,1109
rajasthan,karnataka,9814,3881,5933,1229,1095,134,68,60,8,196,154,42,3208,28,3180,444,251,193,2686,959,1727,1983,1334,649
rajasthan,goa,321,162,159,81,55,26,0,0,0,6,3,3,40,1,39,6,2,4,116,47,69,72,54,18
rajasthan,lakshadweep,1,1,0,0,0,0,0,0,0,1,1,0,0,0,0,0,0,0,0,0,0,0,0,0
rajasthan,kerala,17193,7974,9219,8085,4717,3368,87,63,24,532,139,393,1697,71,1626,514,274,240,4094,1420,2674,2184,1290,894
rajasthan,tamil nadu,8961,4696,4265,1943,1736,207,73,65,8,519,255,264,974,17,957,311,174,137,3380,1143,2237,1761,1306,455
rajasthan,puducherry,445,134,311,68,62,6,4,4,0,15,13,2,224,1,223,12,7,5,76,21,55,46,26,20
rajasthan,andaman & nicobar islands,149,80,69,42,41,1,1,0,1,5,1,4,5,0,5,2,2,0,68,22,46,26,14,12
sikkim,jammu & kashmir,526,371,155,207,201,6,4,3,1,4,4,0,6,0,6,3,3,0,194,69,125,108,91,17
sikkim,himachal pradesh,438,299,139,177,172,5,1,1,0,5,5,0,28,6,22,1,1,0,169,72,97,57,42,15
sikkim,punjab,199,143,56,49,47,2,1,1,0,5,4,1,11,0,11,2,0,2,34,15,19,97,76,21
sikkim,chandigargh,38,29,9,3,3,0,3,3,0,19,19,0,2,0,2,0,0,0,8,2,6,3,2,1
sikkim,uttranchal,436,322,114,64,59,5,6,6,0,5,3,2,26,1,25,9,4,5,84,32,52,242,217,25
sikkim,haryana,730,459,271,114,103,11,103,98,5,4,3,1,130,2,128,17,13,4,149,76,73,213,164,49
sikkim,nct of delhi,289,160,129,77,67,10,7,7,0,10,7,3,48,0,48,7,2,5,67,28,39,73,49,24
sikkim,rajasthan,751,506,245,126,117,9,96,94,2,3,3,0,117,0,117,24,17,7,124,53,71,261,222,39
sikkim,uttar pradesh,2109,1307,802,444,410,34,213,200,13,29,21,8,308,7,301,58,36,22,457,188,269,600,445,155
sikkim,bihar,10556,7215,3341,3601,3445,156,1328,1261,67,118,96,22,1470,13,1457,177,120,57,1903,877,1026,1959,1403,556
sikkim,sikkim,0,0,0,0,0,0,0,0,0,0,0,0,0,0,0,0,0,0,0,0,0,0,0,0
sikkim,arunachal pradesh,196,103,93,44,42,2,3,2,1,14,8,6,40,3,37,5,1,4,40,16,24,50,31,19
sikkim,nagaland,146,74,72,26,17,9,0,0,0,3,0,3,24,0,24,13,6,7,42,20,22,38,31,7
sikkim,manipur,810,453,357,157,147,10,5,5,0,9,5,4,60,0,60,7,6,1,404,171,233,168,119,49
sikkim,mizoram,42,27,15,13,12,1,0,0,0,3,2,1,3,0,3,0,0,0,16,8,8,7,5,2
sikkim,tripura,73,39,34,19,15,4,2,2,0,5,4,1,18,0,18,0,0,0,17,8,9,12,10,2
sikkim,meghalaya,244,110,134,70,58,12,3,2,1,16,11,5,58,0,58,5,1,4,55,15,40,37,23,14
sikkim,assam,1360,678,682,343,284,59,31,28,3,40,27,13,306,4,302,13,8,5,344,153,191,283,174,109
sikkim,west bengal,25326,12114,13212,9012,7377,1635,542,470,72,439,252,187,7241,131,7110,413,229,184,3702,1465,2237,3977,2190,1787
sikkim,jharkhand,342,200,142,112,97,15,9,7,2,18,15,3,52,1,51,4,2,2,71,26,45,76,52,24
sikkim,odisha,270,185,85,138,132,6,4,4,0,9,4,5,25,1,24,2,1,1,38,6,32,54,37,17
sikkim,chhattisgarh,92,65,27,60,49,11,0,0,0,0,0,0,4,0,4,0,0,0,18,10,8,10,6,4
sikkim,madhya pradesh,140,96,44,30,24,6,3,3,0,6,4,2,14,0,14,0,0,0,22,11,11,65,54,11
sikkim,gujarat,78,50,28,16,15,1,2,2,0,2,1,1,5,0,5,1,1,0,17,5,12,35,26,9
sikkim,daman & diu,0,0,0,0,0,0,0,0,0,0,0,0,0,0,0,0,0,0,0,0,0,0,0,0
sikkim,dadra & nagar haveli,0,0,0,0,0,0,0,0,0,0,0,0,0,0,0,0,0,0,0,0,0,0,0,0
sikkim,maharashtra,150,107,43,43,39,4,3,3,0,1,0,1,11,0,11,3,2,1,24,11,13,65,52,13
sikkim,andhra pradesh,161,121,40,59,59,0,0,0,0,1,1,0,13,2,11,3,1,2,17,6,11,68,52,16
sikkim,karnataka,103,74,29,40,36,4,5,4,1,2,1,1,9,0,9,0,0,0,13,5,8,34,28,6
sikkim,goa,4,2,2,2,2,0,0,0,0,0,0,0,2,0,2,0,0,0,0,0,0,0,0,0
sikkim,lakshadweep,0,0,0,0,0,0,0,0,0,0,0,0,0,0,0,0,0,0,0,0,0,0,0,0
sikkim,kerala,300,179,121,137,101,36,2,2,0,0,0,0,20,1,19,7,5,2,54,13,41,80,57,23
sikkim,tamil nadu,117,80,37,53,46,7,1,1,0,1,0,1,4,0,4,3,3,0,26,9,17,29,21,8
sikkim,puducherry,4,4,0,0,0,0,0,0,0,0,0,0,0,0,0,0,0,0,0,0,0,4,4,0
sikkim,andaman & nicobar islands,3,2,1,2,2,0,0,0,0,0,0,0,1,0,1,0,0,0,0,0,0,0,0,0
tamil nadu,jammu & kashmir,1567,993,574,382,355,27,36,31,5,67,56,11,71,8,63,53,33,20,475,182,293,483,328,155
tamil nadu,himachal pradesh,600,334,266,118,101,17,6,5,1,46,41,5,63,4,59,15,7,8,172,68,104,180,108,72
tamil nadu,punjab,3034,1689,1345,605,524,81,44,36,8,91,60,31,201,14,187,116,58,58,995,379,616,982,618,364
tamil nadu,chandigargh,567,293,274,111,92,19,4,3,1,17,13,4,27,0,27,22,11,11,243,91,152,143,83,60
tamil nadu,uttranchal,333,206,127,53,47,6,2,2,0,11,10,1,6,0,6,5,3,2,120,55,65,136,89,47
tamil nadu,haryana,1822,1021,801,336,291,45,38,35,3,63,50,13,129,5,124,72,47,25,566,219,347,618,374,244
tamil nadu,nct of delhi,12300,6352,5948,2756,2337,419,144,125,19,322,209,113,899,52,847,437,231,206,4657,1758,2899,3085,1640,1445
tamil nadu,rajasthan,33556,19361,14195,6504,5946,558,3068,2707,361,307,253,54,4206,151,4055,1549,935,614,7788,3656,4132,10134,5713,4421
tamil nadu,uttar pradesh,11513,6767,4746,2782,2485,297,214,189,25,402,307,95,886,33,853,333,177,156,3513,1484,2029,3383,2092,1291
tamil nadu,bihar,9470,6181,3289,3445,3129,316,107,93,14,378,320,58,724,32,692,223,134,89,2230,997,1233,2363,1476,887
tamil nadu,sikkim,159,91,68,43,38,5,4,2,2,11,5,6,16,1,15,6,4,2,36,18,18,43,23,20
tamil nadu,arunachal pradesh,574,255,319,89,78,11,5,4,1,73,28,45,125,2,123,39,17,22,106,47,59,137,79,58
tamil nadu,nagaland,247,168,79,66,57,9,1,1,0,32,27,5,9,0,9,8,4,4,64,31,33,67,48,19
tamil nadu,manipur,488,276,212,62,55,7,5,5,0,145,73,72,33,3,30,20,12,8,83,37,46,140,91,49
tamil nadu,mizoram,150,93,57,20,11,9,1,1,0,56,48,8,8,2,6,3,2,1,17,6,11,45,23,22
tamil nadu,tripura,141,91,50,27,22,5,3,3,0,13,10,3,13,1,12,5,4,1,27,15,12,53,36,17
tamil nadu,meghalaya,169,91,78,38,29,9,3,3,0,17,12,5,15,1,14,2,2,0,49,18,31,45,26,19
tamil nadu,assam,2627,1461,1166,602,523,79,24,17,7,133,96,37,282,14,268,89,49,40,765,303,462,732,459,273
tamil nadu,west bengal,12108,7123,4985,3583,3240,343,205,174,31,310,233,77,1017,44,973,420,233,187,3156,1231,1925,3417,1968,1449
tamil nadu,jharkhand,861,556,305,355,313,42,7,7,0,38,31,7,68,3,65,30,16,14,176,61,115,187,125,62
tamil nadu,odisha,6231,4281,1950,2559,2352,207,49,35,14,354,316,38,401,20,381,137,69,68,1248,520,728,1483,969,514
tamil nadu,chhattisgarh,430,189,241,80,66,14,7,3,4,25,19,6,98,0,98,20,12,8,93,35,58,107,54,53
tamil nadu,madhya pradesh,6351,3416,2935,1520,1285,235,101,89,12,268,206,62,708,32,676,257,142,115,1983,819,1164,1514,843,671
tamil nadu,gujarat,10256,5317,4939,1832,1595,237,533,444,89,218,150,68,1256,52,1204,441,240,201,3184,1330,1854,2792,1506,1286
tamil nadu,daman & diu,13,10,3,3,2,1,0,0,0,2,1,1,0,0,0,0,0,0,0,0,0,8,7,1
tamil nadu,dadra & nagar haveli,51,24,27,11,10,1,3,2,1,2,0,2,5,0,5,1,1,0,21,6,15,8,5,3
tamil nadu,maharashtra,45752,22344,23408,8339,7077,1262,755,621,134,1400,1061,339,7563,477,7086,2505,1406,1099,12404,5125,7279,12786,6577,6209
tamil nadu,andhra pradesh,146624,61960,84664,25814,21480,4334,1668,1279,389,5002,4002,1000,41486,1782,39704,7157,3993,3164,29259,12588,16671,36238,16836,19402
tamil nadu,karnataka,115249,42329,72920,16680,13624,3056,1019,765,254,1341,875,466,39083,1413,37670,8197,4444,3753,22845,9753,13092,26084,11455,14629
tamil nadu,goa,776,371,405,115,95,20,3,2,1,29,19,10,68,6,62,21,12,9,366,133,233,174,104,70
tamil nadu,lakshadweep,55,31,24,15,13,2,0,0,0,2,1,1,9,0,9,1,1,0,14,6,8,14,10,4
tamil nadu,kerala,218464,104299,114165,52141,43687,8454,3442,2792,650,7676,4221,3455,46645,2232,44413,14330,7896,6434,42929,18364,24565,51301,25107,26194
tamil nadu,tamil nadu,0,0,0,0,0,0,0,0,0,0,0,0,0,0,0,0,0,0,0,0,0,0,0,0
tamil nadu,puducherry,81039,30575,50464,6373,5358,1015,443,318,125,827,515,312,26078,1063,25015,17892,9813,8079,9115,4108,5007,20311,9400,10911
tamil nadu,andaman & nicobar islands,3595,1735,1860,622,534,88,42,32,10,164,100,64,635,41,594,145,86,59,969,385,584,1018,557,461
tripura,jammu & kashmir,194,156,38,18,17,1,0,0,0,1,1,0,7,1,6,0,0,0,31,14,17,137,123,14
tripura,himachal pradesh,115,61,54,18,17,1,1,0,1,5,2,3,9,0,9,0,0,0,41,11,30,41,31,10
tripura,punjab,232,139,93,39,35,4,3,3,0,2,0,2,13,2,11,3,2,1,84,34,50,88,63,25
tripura,chandigargh,14,9,5,2,2,0,1,1,0,0,0,0,0,0,0,0,0,0,8,4,4,3,2,1
tripura,uttranchal,447,219,228,58,57,1,1,1,0,12,7,5,19,1,18,1,1,0,232,69,163,124,83,41
tripura,haryana,191,116,75,34,30,4,3,3,0,2,1,1,8,1,7,0,0,0,63,21,42,81,60,21
tripura,nct of delhi,132,67,65,25,24,1,1,1,0,1,0,1,18,1,17,0,0,0,42,14,28,45,27,18
tripura,rajasthan,850,477,373,121,114,7,73,68,5,4,3,1,102,11,91,19,7,12,296,117,179,235,157,78
tripura,uttar pradesh,1492,905,587,454,424,30,27,23,4,31,25,6,131,5,126,11,7,4,367,126,241,471,295,176
tripura,bihar,3538,2419,1119,1509,1366,143,192,182,10,7,5,2,298,7,291,18,12,6,720,284,436,794,563,231
tripura,sikkim,64,23,41,2,2,0,0,0,0,0,0,0,26,0,26,1,1,0,19,9,10,16,11,5
tripura,arunachal pradesh,151,70,81,33,28,5,0,0,0,12,8,4,25,2,23,1,0,1,49,13,36,31,19,12
tripura,nagaland,218,90,128,26,22,4,4,4,0,4,4,0,56,4,52,4,1,3,80,34,46,44,21,23
tripura,manipur,332,157,175,58,51,7,6,6,0,11,11,0,64,2,62,2,0,2,98,29,69,93,58,35
tripura,mizoram,28292,14510,13782,191,137,54,50,33,17,70,57,13,67,19,48,13,7,6,6509,2877,3632,21392,11380,10012
tripura,tripura,0,0,0,0,0,0,0,0,0,0,0,0,0,0,0,0,0,0,0,0,0,0,0,0
tripura,meghalaya,906,400,506,100,86,14,20,19,1,19,13,6,249,6,243,24,13,11,269,131,138,225,132,93
tripura,assam,17827,6214,11613,1931,1687,244,416,388,28,119,81,38,7719,165,7554,153,92,61,4056,1921,2135,3433,1880,1553
tripura,west bengal,4457,2160,2297,905,821,84,142,134,8,45,33,12,1069,29,1040,63,25,38,1284,561,723,949,557,392
tripura,jharkhand,2470,1302,1168,1537,929,608,12,10,2,2,2,0,98,1,97,7,2,5,453,175,278,361,183,178
tripura,odisha,561,318,243,270,199,71,7,6,1,1,0,1,33,1,32,2,1,1,161,60,101,87,51,36
tripura,chhattisgarh,41,16,25,4,3,1,0,0,0,1,1,0,6,0,6,1,0,1,17,6,11,12,6,6
tripura,madhya pradesh,137,76,61,22,17,5,1,1,0,2,1,1,10,0,10,0,0,0,47,20,27,55,37,18
tripura,gujarat,70,39,31,16,15,1,0,0,0,1,1,0,5,0,5,0,0,0,30,13,17,18,10,8
tripura,daman & diu,0,0,0,0,0,0,0,0,0,0,0,0,0,0,0,0,0,0,0,0,0,0,0,0
tripura,dadra & nagar haveli,0,0,0,0,0,0,0,0,0,0,0,0,0,0,0,0,0,0,0,0,0,0,0,0
tripura,maharashtra,235,119,116,34,31,3,1,1,0,4,3,1,17,2,15,1,0,1,73,27,46,105,55,50
tripura,andhra pradesh,172,89,83,48,46,2,2,2,0,1,0,1,15,1,14,0,0,0,71,17,54,35,23,12
tripura,karnataka,128,66,62,26,22,4,1,1,0,0,0,0,13,2,11,4,3,1,32,6,26,52,32,20
tripura,goa,4,2,2,2,2,0,0,0,0,0,0,0,1,0,1,0,0,0,1,0,1,0,0,0
tripura,lakshadweep,0,0,0,0,0,0,0,0,0,0,0,0,0,0,0,0,0,0,0,0,0,0,0,0
tripura,kerala,296,156,140,85,71,14,4,4,0,4,2,2,24,2,22,1,1,0,91,22,69,87,54,33
tripura,tamil nadu,208,128,80,72,65,7,0,0,0,0,0,0,19,1,18,1,1,0,57,20,37,59,41,18
tripura,puducherry,0,0,0,0,0,0,0,0,0,0,0,0,0,0,0,0,0,0,0,0,0,0,0,0
tripura,andaman & nicobar islands,4,1,3,1,1,0,0,0,0,0,0,0,0,0,0,1,0,1,2,0,2,0,0,0
uttar pradesh,jammu & kashmir,12998,6892,6106,2213,1988,225,105,75,30,1270,1026,244,1302,28,1274,70,40,30,5419,2070,3349,2619,1665,954
uttar pradesh,himachal pradesh,17832,6400,11432,3145,2834,311,110,76,34,208,145,63,6685,87,6598,141,86,55,4638,1648,2990,2905,1524,1381
uttar pradesh,punjab,129732,62758,66974,26240,23345,2895,1451,1154,297,464,304,160,29767,485,29282,1269,823,446,47095,21867,25228,23446,14780,8666
uttar pradesh,chandigargh,6666,2630,4036,976,837,139,73,54,19,60,49,11,1695,26,1669,100,57,43,2594,997,1597,1168,610,558
uttar pradesh,uttranchal,271989,80252,191737,40431,36737,3694,1104,674,430,3461,2636,825,131033,1224,129809,1881,1118,763,60548,22741,37807,33531,15122,18409
uttar pradesh,haryana,165918,32748,133170,12981,11528,1453,1247,909,338,811,627,184,105037,927,104110,785,469,316,24708,9909,14799,20349,8379,11970
uttar pradesh,nct of delhi,301690,110188,191502,31608,27793,3815,3183,2216,967,1817,1139,678,96054,1034,95020,4388,2449,1939,110215,46320,63895,54425,29237,25188
uttar pradesh,rajasthan,192369,33406,158963,14042,11993,2049,1251,783,468,1197,1015,182,128057,1123,126934,899,513,386,22568,8326,14242,24355,9653,14702
uttar pradesh,uttar pradesh,0,0,0,0,0,0,0,0,0,0,0,0,0,0,0,0,0,0,0,0,0,0,0,0
uttar pradesh,bihar,621010,197410,423600,100378,88685,11693,3150,2186,964,13389,12150,1239,297336,2784,294552,3541,2082,1459,107710,41875,65835,95506,47648,47858
uttar pradesh,sikkim,290,147,143,66,57,9,2,0,2,33,24,9,34,0,34,5,2,3,100,31,69,50,33,17
uttar pradesh,arunachal pradesh,732,330,402,105,96,9,1,1,0,50,36,14,159,3,156,7,5,2,281,106,175,129,83,46
uttar pradesh,nagaland,7984,1559,6425,511,423,88,29,18,11,58,45,13,5146,33,5113,26,17,9,966,377,589,1248,646,602
uttar pradesh,manipur,4410,1073,3337,266,231,35,22,13,9,298,270,28,2648,21,2627,8,6,2,474,186,288,694,346,348
uttar pradesh,mizoram,248,98,150,46,43,3,1,0,1,14,13,1,98,0,98,1,1,0,42,14,28,46,27,19
uttar pradesh,tripura,1632,567,1065,195,168,27,11,5,6,64,56,8,614,7,607,17,14,3,367,135,232,364,182,182
uttar pradesh,meghalaya,982,430,552,128,112,16,8,7,1,33,19,14,186,1,185,9,5,4,481,217,264,137,69,68
uttar pradesh,assam,98615,22806,75809,7791,6726,1065,387,241,146,1344,1128,216,55832,681,55151,430,264,166,13742,5233,8509,19089,8533,10556
uttar pradesh,west bengal,144411,42312,102099,21615,18229,3386,1208,825,383,2763,2373,390,70699,654,70045,1104,620,484,25275,9072,16203,21747,10539,11208
uttar pradesh,jharkhand,133768,55886,77882,39035,26938,12097,578,427,151,2962,2457,505,35798,367,35431,666,379,287,28172,11152,17020,26557,14166,12391
uttar pradesh,odisha,20853,8688,12165,5179,4168,1011,110,80,30,373,321,52,6353,69,6284,107,61,46,4691,1703,2988,4040,2286,1754
uttar pradesh,chhattisgarh,105322,50419,54903,39328,23085,16243,181,97,84,347,301,46,10237,124,10113,338,187,151,29674,12718,16956,25217,13907,11310
uttar pradesh,madhya pradesh,463175,61100,402075,25957,21064,4893,1632,795,837,2207,1807,400,336387,3303,333084,1566,936,630,39719,14168,25551,55707,19027,36680
uttar pradesh,gujarat,23182,8443,14739,3229,2880,349,284,205,79,380,321,59,8574,100,8474,293,164,129,5754,2239,3515,4668,2534,2134
uttar pradesh,daman & diu,71,28,43,12,10,2,0,0,0,3,3,0,28,0,28,1,1,0,11,6,5,16,8,8
uttar pradesh,dadra & nagar haveli,229,79,150,22,21,1,2,2,0,1,0,1,91,2,89,3,2,1,61,24,37,49,28,21
uttar pradesh,maharashtra,47114,17868,29246,5977,5340,637,435,310,125,684,564,120,16407,193,16214,882,501,381,12099,4719,7380,10630,6241,4389
uttar pradesh,andhra pradesh,10952,4738,6214,1906,1656,250,91,62,29,431,380,51,2561,34,2527,129,69,60,3668,1282,2386,2166,1255,911
uttar pradesh,karnataka,13236,4033,9203,1620,1372,248,54,24,30,319,268,51,5710,38,5672,85,49,36,3259,1158,2101,2189,1124,1065
uttar pradesh,goa,591,243,348,102,88,14,5,4,1,8,5,3,143,2,141,10,7,3,209,83,126,114,54,60
uttar pradesh,lakshadweep,14,8,6,3,3,0,0,0,0,2,2,0,3,0,3,0,0,0,0,0,0,6,3,3
uttar pradesh,kerala,16835,7200,9635,6172,3773,2399,112,75,37,669,412,257,2276,63,2213,292,146,146,4499,1406,3093,2815,1325,1490
uttar pradesh,tamil nadu,8996,4004,4992,2024,1710,314,77,54,23,234,187,47,1855,32,1823,130,77,53,3115,1080,2035,1561,864,697
uttar pradesh,puducherry,427,137,290,62,51,11,3,2,1,8,8,0,189,3,186,5,3,2,112,46,66,48,24,24
uttar pradesh,andaman & nicobar islands,473,203,270,60,55,5,2,0,2,8,4,4,78,1,77,5,2,3,220,79,141,100,62,38
uttarakhand,jammu & kashmir,6725,3522,3203,1390,1259,131,64,58,6,262,186,76,973,9,964,61,38,23,2582,1085,1497,1393,887,506
uttarakhand,himachal pradesh,18855,7670,11185,3277,2913,364,116,87,29,483,336,147,6217,71,6146,120,74,46,5951,2602,3349,2691,1587,1104
uttarakhand,punjab,41894,20255,21639,8660,7857,803,376,337,39,474,323,151,9622,127,9495,551,330,221,15501,7040,8461,6710,4241,2469
uttarakhand,chandigargh,2552,1103,1449,355,316,39,20,16,4,81,56,25,574,6,568,78,43,35,971,399,572,473,267,206
uttarakhand,uttranchal,0,0,0,0,0,0,0,0,0,0,0,0,0,0,0,0,0,0,0,0,0,0,0,0
uttarakhand,haryana,24415,10164,14251,4133,3824,309,359,323,36,439,301,138,7830,66,7764,358,229,129,7551,3224,4327,3745,2197,1548
uttarakhand,nct of delhi,26383,11517,14866,3438,3132,306,231,201,30,930,658,272,6630,61,6569,742,426,316,8836,3697,5139,5576,3342,2234
uttarakhand,rajasthan,12443,6267,6176,2521,2334,187,142,128,14,282,199,83,2200,15,2185,174,109,65,5074,2128,2946,2050,1354,696
uttarakhand,uttar pradesh,582405,251112,331293,137122,127743,9379,3759,3230,529,9737,7757,1980,187857,1573,186284,6030,3673,2357,171446,69594,101852,66454,37542,28912
uttarakhand,bihar,42688,27749,14939,18678,18106,572,237,216,21,713,602,111,5302,60,5242,364,211,153,11316,4283,7033,6078,4271,1807
uttarakhand,sikkim,316,166,150,57,50,7,3,3,0,32,12,20,26,0,26,5,4,1,129,47,82,64,50,14
uttarakhand,arunachal pradesh,634,267,367,90,81,9,5,2,3,32,18,14,130,0,130,7,5,2,210,78,132,160,83,77
uttarakhand,nagaland,5999,2291,3708,969,885,84,20,17,3,132,86,46,2137,21,2116,56,33,23,1532,632,900,1153,617,536
uttarakhand,manipur,751,410,341,128,116,12,3,3,0,101,81,20,91,0,91,10,9,1,261,103,158,157,98,59
uttarakhand,mizoram,556,201,355,56,53,3,2,1,1,13,9,4,221,6,215,2,1,1,155,77,78,107,54,53
uttarakhand,tripura,402,196,206,74,67,7,1,1,0,10,6,4,42,0,42,4,1,3,169,62,107,102,59,43
uttarakhand,meghalaya,1049,412,637,111,104,7,2,2,0,26,16,10,294,4,290,12,7,5,354,144,210,250,135,115
uttarakhand,assam,7657,3584,4073,1518,1410,108,29,27,2,200,146,54,1629,8,1621,75,46,29,2859,1127,1732,1347,820,527
uttarakhand,west bengal,19801,9500,10301,4582,4070,512,99,81,18,298,227,71,4137,27,4110,152,91,61,6989,2704,4285,3544,2300,1244
uttarakhand,jharkhand,14105,9094,5011,6879,6341,538,24,21,3,218,169,49,1778,5,1773,83,45,38,3279,1248,2031,1844,1265,579
uttarakhand,odisha,5066,2465,2601,1120,1043,77,24,19,5,227,146,81,1133,7,1126,46,28,18,1409,522,887,1107,700,407
uttarakhand,chhattisgarh,3664,1979,1685,1146,885,261,15,12,3,105,68,37,522,1,521,40,23,17,991,361,630,845,629,216
uttarakhand,madhya pradesh,12600,5287,7313,2049,1848,201,45,33,12,230,181,49,3791,29,3762,116,58,58,3879,1559,2320,2490,1579,911
uttarakhand,gujarat,6134,2287,3847,859,765,94,34,27,7,115,93,22,2100,13,2087,64,43,21,2019,819,1200,943,527,416
uttarakhand,daman & diu,88,47,41,12,11,1,2,2,0,15,12,3,12,0,12,2,1,1,29,11,18,16,10,6
uttarakhand,dadra & nagar haveli,15,9,6,3,3,0,1,1,0,1,0,1,5,0,5,0,0,0,2,2,0,3,3,0
uttarakhand,maharashtra,8383,4011,4372,1350,1217,133,46,42,4,214,154,60,1302,11,1291,129,66,63,3685,1508,2177,1657,1013,644
uttarakhand,andhra pradesh,2313,1215,1098,531,470,61,14,13,1,94,64,30,309,3,306,40,22,18,877,339,538,448,304,144
uttarakhand,karnataka,2721,1397,1324,656,591,65,11,10,1,95,76,19,519,2,517,43,25,18,859,339,520,538,354,184
uttarakhand,goa,333,156,177,63,57,6,1,1,0,7,3,4,69,1,68,5,4,1,116,40,76,72,50,22
uttarakhand,lakshadweep,54,28,26,14,12,2,1,1,0,1,1,0,7,1,6,0,0,0,21,9,12,10,4,6
uttarakhand,kerala,2509,1268,1241,735,507,228,9,6,3,95,75,20,272,6,266,34,22,12,782,276,506,582,376,206
uttarakhand,tamil nadu,5921,2619,3302,733,656,77,19,17,2,72,54,18,1364,12,1352,64,37,27,1579,661,918,2090,1182,908
uttarakhand,puducherry,94,52,42,23,22,1,1,1,0,4,4,0,17,0,17,0,0,0,32,14,18,17,11,6
uttarakhand,andaman & nicobar islands,73,35,38,12,10,2,0,0,0,3,3,0,10,0,10,3,2,1,31,12,19,14,8,6
west bengal,jammu & kashmir,5999,3692,2307,1205,1169,36,552,539,13,105,82,23,332,11,321,137,86,51,2463,934,1529,1205,871,334
west bengal,himachal pradesh,2055,1168,887,332,313,19,40,39,1,51,36,15,213,4,209,35,16,19,720,287,433,664,473,191
west bengal,punjab,21966,12010,9956,3991,3807,184,1507,1426,81,283,213,70,3804,87,3717,597,380,217,7127,3095,4032,4657,3002,1655
west bengal,chandigargh,1690,865,825,248,215,33,37,33,4,39,24,15,153,2,151,45,23,22,758,324,434,410,244,166
west bengal,uttranchal,6526,3769,2757,1103,1050,53,89,83,6,141,107,34,673,20,653,113,70,43,2614,1136,1478,1793,1303,490
west bengal,haryana,14876,8374,6502,2317,2209,108,1486,1426,60,271,225,46,2380,39,2341,441,286,155,4916,2169,2747,3065,2020,1045
west bengal,nct of delhi,17617,8833,8784,2544,2318,226,477,421,56,392,295,97,2566,66,2500,644,358,286,6273,2450,3823,4721,2925,1796
west bengal,rajasthan,60963,33628,27335,9897,9435,462,6632,6314,318,846,729,117,11384,175,11209,2168,1399,769,18450,8494,9956,11586,7082,4504
west bengal,uttar pradesh,298356,184056,114300,96530,93761,2769,13792,13118,674,3245,2765,480,51473,1319,50154,8158,5146,3012,72898,34030,38868,52260,33917,18343
west bengal,bihar,1123729,685189,438540,370467,351451,19016,54119,51785,2334,9594,8466,1128,220828,5077,215751,25833,16559,9274,247330,119780,127550,195558,132071,63487
west bengal,sikkim,5108,1803,3305,606,540,66,94,75,19,162,103,59,2016,40,1976,85,50,35,1088,485,603,1057,510,547
west bengal,arunachal pradesh,1297,697,600,169,152,17,15,14,1,63,51,12,128,0,128,27,14,13,477,191,286,418,275,143
west bengal,nagaland,1713,936,777,191,168,23,46,40,6,76,55,21,182,6,176,47,32,15,760,350,410,411,285,126
west bengal,manipur,1947,1025,922,245,222,23,38,36,2,213,159,54,222,4,218,35,19,16,692,264,428,502,321,181
west bengal,mizoram,440,265,175,37,30,7,4,3,1,60,45,15,20,0,20,7,5,2,126,54,72,186,128,58
west bengal,tripura,15705,8454,7251,2133,1928,205,537,498,39,719,565,154,2241,57,2184,257,151,106,6098,2893,3205,3720,2362,1358
west bengal,meghalaya,5611,2611,3000,642,553,89,112,94,18,201,122,79,951,16,935,130,79,51,2165,955,1210,1410,792,618
west bengal,assam,145242,65837,79405,14545,12924,1621,3996,3707,289,1916,1401,515,36395,663,35732,2687,1605,1082,54788,26517,28271,30915,19020,11895
west bengal,west bengal,0,0,0,0,0,0,0,0,0,0,0,0,0,0,0,0,0,0,0,0,0,0,0,0
west bengal,jharkhand,441058,158995,282063,93318,74967,18351,6622,5943,679,3675,3035,640,195550,5124,190426,8339,5071,3268,73851,33389,40462,59703,31466,28237
west bengal,odisha,158486,85248,73238,53803,50585,3218,3637,3411,226,1635,1406,229,45379,1190,44189,3022,1778,1244,27543,12044,15499,23467,14834,8633
west bengal,chhattisgarh,14482,7071,7411,4229,3142,1087,156,138,18,151,124,27,2543,71,2472,342,203,139,4460,1925,2535,2601,1468,1133
west bengal,madhya pradesh,15293,7463,7830,2610,2328,282,322,284,38,328,262,66,2871,53,2818,540,319,221,5302,2278,3024,3320,1939,1381
west bengal,gujarat,20262,10563,9699,3279,2993,286,1908,1708,200,232,185,47,3878,72,3806,753,450,303,6089,2597,3492,4123,2558,1565
west bengal,daman & diu,51,30,21,14,14,0,1,1,0,1,1,0,7,0,7,3,2,1,16,5,11,9,7,2
west bengal,dadra & nagar haveli,45,22,23,5,5,0,0,0,0,0,0,0,4,0,4,3,2,1,17,8,9,16,7,9
west bengal,maharashtra,21830,10992,10838,3249,2937,312,634,578,56,403,280,123,3329,65,3264,927,531,396,7882,3104,4778,5406,3497,1909
west bengal,andhra pradesh,26024,12572,13452,6298,5923,375,344,302,42,459,387,72,6273,77,6196,1208,724,484,6745,2519,4226,4697,2640,2057
west bengal,karnataka,5810,3013,2797,1026,934,92,106,90,16,106,93,13,662,17,645,170,100,70,2304,910,1394,1436,869,567
west bengal,goa,566,299,267,159,125,34,11,11,0,7,7,0,70,3,67,20,9,11,158,61,97,141,83,58
west bengal,lakshadweep,11,8,3,2,2,0,1,1,0,1,1,0,1,0,1,0,0,0,2,1,1,4,3,1
west bengal,kerala,10509,5420,5089,2846,2308,538,180,158,22,296,240,56,1274,28,1246,329,173,156,3022,1117,1905,2562,1396,1166
west bengal,tamil nadu,10666,5488,5178,2276,2027,249,301,260,41,332,277,55,1532,38,1494,357,185,172,3359,1239,2120,2509,1462,1047
west bengal,puducherry,146,75,71,23,17,6,10,8,2,6,6,0,19,1,18,10,4,6,47,22,25,31,17,14
west bengal,andaman & nicobar islands,1083,518,565,154,138,16,10,9,1,65,34,31,128,3,125,35,15,20,455,171,284,236,148,88
nct of delhi,jammu & kashmir,40041,20896,19145,8541,7818,723,663,576,87,942,658,284,4212,41,4171,693,408,285,16879,6470,10409,8111,4925,3186
nct of delhi,himachal pradesh,77015,43057,33958,27139,25967,1172,499,441,58,1533,1154,379,12659,140,12519,2117,1239,878,25195,9274,15921,7873,4842,3031
nct of delhi,punjab,256119,127755,128364,59386,55774,3612,4989,4521,468,2464,1753,711,51827,582,51245,7822,4898,2924,98058,41468,56590,31573,18759,12814
nct of delhi,chandigargh,14894,6993,7901,3383,3023,360,194,173,21,347,229,118,2814,22,2792,702,393,309,5801,2260,3541,1653,893,760
nct of delhi,uttranchal,302406,170237,132169,112294,107995,4299,1310,1094,216,5725,4614,1111,46942,397,46545,5818,3470,2348,101310,34799,66511,29007,17868,11139
nct of delhi,haryana,555173,238692,316481,124640,117980,6660,7626,7004,622,6302,4813,1489,179727,1283,178444,10776,6797,3979,178425,73806,104619,47677,27009,20668
nct of delhi,nct of delhi,0,0,0,0,0,0,0,0,0,0,0,0,0,0,0,0,0,0,0,0,0,0,0,0
nct of delhi,rajasthan,275045,146425,128620,90209,84148,6061,2970,2679,291,3097,2468,629,47114,492,46622,7806,4650,3156,98402,36225,62177,25447,15763,9684
nct of delhi,uttar pradesh,2296367,1298961,997406,857173,824557,32616,12450,10994,1456,22496,18162,4334,358329,3651,354678,49695,29010,20685,796704,283681,513023,199520,128906,70614
nct of delhi,bihar,725565,497626,227939,360593,350695,9898,2354,2095,259,16009,14527,1482,56591,603,55988,13754,7627,6127,212563,75300,137263,63701,46779,16922
nct of delhi,sikkim,1649,908,741,502,455,47,24,20,4,101,57,44,221,5,216,24,14,10,654,264,390,123,93,30
nct of delhi,arunachal pradesh,2160,1193,967,632,591,41,7,7,0,131,88,43,207,2,205,55,24,31,910,343,567,218,138,80
nct of delhi,nagaland,17898,10486,7412,6892,6488,404,106,92,14,441,286,155,2133,25,2108,535,322,213,6107,2173,3934,1684,1100,584
nct of delhi,manipur,5747,3291,2456,1467,1222,245,67,54,13,1548,1040,508,430,6,424,79,38,41,1571,593,978,585,338,247
nct of delhi,mizoram,1789,1029,760,611,565,46,2,2,0,180,99,81,188,2,186,53,35,18,578,218,360,177,108,69
nct of delhi,tripura,2151,1187,964,724,652,72,16,15,1,86,63,23,257,2,255,40,21,19,745,255,490,283,179,104
nct of delhi,meghalaya,6373,3289,3084,1916,1745,171,44,41,3,186,112,74,958,9,949,135,82,53,2581,973,1608,553,327,226
nct of delhi,assam,29246,16177,13069,9277,8431,846,354,317,37,1298,982,316,3448,40,3408,499,306,193,11515,4313,7202,2855,1788,1067
nct of delhi,west bengal,171904,97458,74446,70946,63929,7017,1418,1247,171,2863,1982,881,21613,234,21379,3357,1874,1483,56295,18894,37401,15412,9298,6114
nct of delhi,jharkhand,112716,71406,41310,51623,47439,4184,440,381,59,4583,3854,729,10339,98,10241,2329,1302,1027,33388,11770,21618,10014,6562,3452
nct of delhi,odisha,40886,25412,15474,17945,16472,1473,203,172,31,1649,1396,253,4190,37,4153,739,410,329,10843,3620,7223,5317,3305,2012
nct of delhi,chhattisgarh,18731,9916,8815,7501,5985,1516,71,62,9,251,170,81,1808,23,1785,451,236,215,7150,2553,4597,1499,887,612
nct of delhi,madhya pradesh,100153,53194,46959,34447,31079,3368,617,519,98,1332,998,334,15230,137,15093,2910,1725,1185,36323,13007,23316,9294,5729,3565
nct of delhi,gujarat,30334,15119,15215,8796,7883,913,358,311,47,386,271,115,5312,64,5248,981,594,387,11592,4267,7325,2909,1729,1180
nct of delhi,daman & diu,1279,809,470,406,389,17,8,8,0,13,9,4,99,1,98,43,25,18,342,153,189,368,224,144
nct of delhi,dadra & nagar haveli,252,123,129,23,18,5,3,2,1,3,2,1,46,1,45,4,2,2,46,20,26,127,78,49
nct of delhi,maharashtra,63544,30690,32854,16490,14734,1756,643,534,109,856,565,291,10344,112,10232,2143,1211,932,26401,9733,16668,6667,3801,2866
nct of delhi,andhra pradesh,23087,11468,11619,7050,5920,1130,142,119,23,652,486,166,2822,44,2778,896,467,429,8863,3006,5857,2662,1426,1236
nct of delhi,karnataka,18200,9190,9010,5387,4675,712,132,99,33,426,292,134,2125,25,2100,581,306,275,7520,2622,4898,2029,1171,858
nct of delhi,goa,6739,3590,3149,1103,1005,98,29,26,3,43,30,13,621,9,612,82,43,39,2222,972,1250,2639,1505,1134
nct of delhi,lakshadweep,500,260,240,175,152,23,3,3,0,9,5,4,92,1,91,15,7,8,133,51,82,73,41,32
nct of delhi,kerala,69538,33828,35710,32403,22178,10225,320,251,69,2103,755,1348,7890,119,7771,3403,1763,1640,16540,5252,11288,6879,3510,3369
nct of delhi,tamil nadu,54622,27652,26970,18591,15837,2754,276,232,44,668,446,222,7375,113,7262,2116,1145,971,19630,6483,13147,5966,3396,2570
nct of delhi,puducherry,1189,641,548,391,349,42,12,10,2,33,21,12,162,5,157,33,21,12,416,146,270,142,89,53
nct of delhi,andaman & nicobar islands,740,375,365,182,164,18,4,2,2,15,4,11,54,1,53,14,9,5,342,118,224,129,77,52
